X_test =

 Columns 1 through 15:

   0.00000   0.00000   0.00000   0.00000   0.00000   0.00000   0.00000   0.00000   0.00000   0.00000   0.00000   0.00000   0.00000   0.00000   0.00000
   0.00000   0.00000   0.00000   0.00000   0.00000   0.00000   0.00000   0.00000   0.00000   0.00000   0.00000   0.00000   0.00000   0.00000   0.00000
   0.00000   0.00000   0.00000   0.00000   0.00000   0.00000   0.00000   0.00000   0.00000   0.00000   0.00000   0.00000   0.00000   0.00000   0.00000
   0.00000   0.00000   0.00000   0.00000   0.00000   0.00000   0.00000   0.00000   0.00000   0.00000   0.00000   0.00000   0.00000   0.00000   0.00000
   0.00000   0.00000   0.00000   0.00000   0.00000   0.00000   0.00000   0.00000   0.00000   0.00000   0.00000   0.00000   0.00000   0.00000   0.00000
   0.00000   0.00000   0.00000   0.00000   0.00000   0.00000   0.00000   0.00000   0.00000   0.00000   0.00000   0.00000   0.00000   0.00000   0.00000
   0.00000   0.00000   0.00000   0.00000   0.00000   0.00000   0.00000   0.00000   0.00000   0.00000   0.00000   0.00000   0.00000   0.00000   0.00000
   0.00000   0.00000   0.00000   0.00000   0.00000   0.00000   0.00000   0.00000   0.00000   0.00000   0.00000   0.00000   0.00000   0.00000   0.00000
   0.00000   0.00000   0.00000   0.00000   0.00000   0.00000   0.00000   0.00000   0.00000   0.00000   0.00000   0.00000   0.00000   0.00000   0.00000
   0.00000   0.00000   0.00000   0.00000   0.00000   0.00000   0.00000   0.00000   0.00000   0.00000   0.00000   0.00000   0.00000   0.00000   0.00000
   0.00000   0.00000   0.00000   0.00000   0.00000   0.00000   0.00000   0.00000   0.00000   0.00000   0.00000   0.00000   0.00000   0.00000   0.00000
   0.00000   0.00000   0.00000   0.00000   0.00000   0.00000   0.00000   0.00000   0.00000   0.00000   0.00000   0.00000   0.00000   0.00000   0.00000
   0.00000   0.00000   0.00000   0.00000   0.00000   0.00000   0.00000   0.00000   0.00000   0.00000   0.00000   0.00000   0.00000   0.00000   0.00000
   0.00000   0.00000   0.00000   0.00000   0.00000   0.00000   0.00000   0.00000   0.00000   0.00000   0.00000   0.00000   0.00000   0.00000   0.00000
   0.00000   0.00000   0.00000   0.00000   0.00000   0.00000   0.00000   0.00000   0.00000   0.00000   0.00000   0.00000   0.00000   0.00000   0.00000
   0.00000   0.00000   0.00000   0.00000   0.00000   0.00000   0.00000   0.00000   0.00000   0.00000   0.00000   0.00000   0.00000   0.00000   0.00000
   0.00000   0.00000   0.00000   0.00000   0.00000   0.00000   0.00000   0.00000   0.00000   0.00000   0.00000   0.00000   0.00000   0.00000   0.00000
   0.00000   0.00000   0.00000   0.00000   0.00000   0.00000   0.00000   0.00000   0.00000   0.00000   0.00000   0.00000   0.00000   0.00000   0.00000
   0.00000   0.00000   0.00000   0.00000   0.00000   0.00000   0.00000   0.00000   0.00000   0.00000   0.00000   0.00000   0.00000   0.00000   0.00000
   0.00000   0.00000   0.00000   0.00000   0.00000   0.00000   0.00000   0.00000   0.00000   0.00000   0.00000   0.00000   0.00000   0.00000   0.00000

 Columns 16 through 30:

   0.00000   0.00000   0.00000   0.00000   0.00000   0.00000   0.00000   0.00000   0.00000   0.00000   0.00000   0.00000   0.00000   0.00000   0.00000
   0.00000   0.00000   0.00000   0.00000   0.00000   0.00000   0.00000   0.00000   0.00000   0.00000   0.00000   0.00000   0.00000   0.00000   0.00000
   0.00000   0.00000   0.00000   0.00000   0.00000   0.00000   0.00000   0.00000   0.00000   0.00000   0.00000   0.00000   0.00000   0.00000   0.00000
   0.00000   0.00000   0.00000   0.00000   0.00000   0.00000   0.00000   0.00000   0.00000   0.00000   0.00000   0.00000   0.00000   0.00000   0.00000
   0.00000   0.00000   0.00000   0.00000   0.00000   0.00000   0.00000   0.00000   0.00000   0.00000   0.00000   0.00000   0.00000   0.00000   0.00000
   0.00000   0.00000   0.00000   0.00000   0.00000   0.00000   0.00000   0.00000   0.00000   0.00000   0.00000   0.00000   0.00000   0.00000   0.00000
   0.00000   0.00000   0.00000   0.00000   0.00000   0.00000   0.00000   0.00000   0.00000   0.00000   0.00000   0.00000   0.00000   0.00000   0.00000
   0.00000   0.00000   0.00000   0.00000   0.00000   0.00000   0.00000   0.00000   0.00000   0.00000   0.00000   0.00000   0.00000   0.00000   0.00000
   0.00000   0.00000   0.00000   0.00000   0.00000   0.00000   0.00000   0.00000   0.00000   0.00000   0.00000   0.00000   0.00000   0.00000   0.00000
   0.00000   0.00000   0.00000   0.00000   0.00000   0.00000   0.00000   0.00000   0.00000   0.00000   0.00000   0.00000   0.00000   0.00000   0.00000
   0.00000   0.00000   0.00000   0.00000   0.00000   0.00000   0.00000   0.00000   0.00000   0.00000   0.00000   0.00000   0.00000   0.00000   0.00000
   0.00000   0.00000   0.00000   0.00000   0.00000   0.00000   0.00000   0.00000   0.00000   0.00000   0.00000   0.00000   0.00000   0.00000   0.00000
   0.00000   0.00000   0.00000   0.00000   0.00000   0.00000   0.00000   0.00000   0.00000   0.00000   0.00000   0.00000   0.00000   0.00000   0.00000
   0.00000   0.00000   0.00000   0.00000   0.00000   0.00000   0.00000   0.00000   0.00000   0.00000   0.00000   0.00000   0.00000   0.00000   0.00000
   0.00000   0.00000   0.00000   0.00000   0.00000   0.00000   0.00000   0.00000   0.00000   0.00000   0.00000   0.00000   0.00000   0.00000   0.00000
   0.00000   0.00000   0.00000   0.00000   0.00000   0.00000   0.00000   0.00000   0.00000   0.00000   0.00000   0.00000   0.00000   0.00000   0.00000
   0.00000   0.00000   0.00000   0.00000   0.00000   0.00000   0.00000   0.00000   0.00000   0.00000   0.00000   0.00000   0.00000   0.00000   0.00000
   0.00000   0.00000   0.00000   0.00000   0.00000   0.00000   0.00000   0.00000   0.00000   0.00000   0.00000   0.00000   0.00000   0.00000   0.00000
   0.00000   0.00000   0.00000   0.00000   0.00000   0.00000   0.00000   0.00000   0.00000   0.00000   0.00000   0.00000   0.00000   0.00000   0.00000
   0.00000   0.00000   0.00000   0.00000   0.00000   0.00000   0.00000   0.00000   0.00000   0.00000   0.00000   0.00000   0.00000   0.00000   0.00000

 Columns 31 through 45:

   0.00000   0.00000   0.00000   0.00000   0.00000   0.00000   0.00000   0.00000   0.00000   0.00000   0.00000   0.00000   0.00000   0.00000   0.00000
   0.00000   0.00000   0.00000   0.00000   0.00000   0.00000   0.00000   0.00000   0.00000   0.00000   0.00000   0.00000   0.00000   0.00000   0.00000
   0.00000   0.00000   0.00000   0.00000   0.00000   0.00000   0.00000   0.00000   0.00000   0.00000   0.00000   0.00000   0.00000   0.00000   0.00000
   0.00000   0.00000   0.00000   0.00000   0.00000   0.00000   0.00000   0.00000   0.00000   0.00000   0.00000   0.00000   0.00000   0.00000   0.00000
   0.00000   0.00008  -0.00073  -0.00223   0.00020   0.00000   0.00000   0.00000   0.00000   0.00000   0.00000   0.00000   0.00000   0.00000   0.00000
   0.00000   0.00000   0.00000   0.00000   0.00000   0.00000   0.00000   0.00000   0.00000   0.00000   0.00000   0.00000   0.00000   0.00000   0.00000
   0.00000   0.00012  -0.00453  -0.00609  -0.00600  -0.00598  -0.00212   0.00025   0.00000   0.00000   0.00000   0.00000   0.00000   0.00000   0.00000
   0.00000   0.00000   0.00000   0.00000   0.00000   0.00000   0.00000   0.00000   0.00000   0.00000   0.00000   0.00000   0.00000   0.00000   0.00000
   0.00000   0.00000   0.00000   0.00000   0.00000   0.00000   0.00000   0.00000   0.00000   0.00000   0.00000   0.00000   0.00000   0.00000   0.00000
   0.00000   0.00000   0.00000   0.00000   0.00000   0.00000   0.00000   0.00000   0.00000   0.00000   0.00000   0.00000   0.00000   0.00000   0.00000
   0.00000   0.00000   0.00000   0.00000   0.00000   0.00000   0.00000   0.00000   0.00000   0.00000   0.00000   0.00000   0.00000   0.00000   0.00000
   0.00000   0.00000   0.00000   0.00000   0.00000   0.00000   0.00000   0.00000   0.00000   0.00000   0.00000   0.00000   0.00000   0.00000   0.00000
   0.00000   0.00000   0.00000   0.00000   0.00000   0.00000   0.00000   0.00000   0.00000   0.00000   0.00000   0.00000   0.00000   0.00000   0.00000
   0.00000   0.00000   0.00000   0.00000   0.00000   0.00000   0.00000   0.00000   0.00000   0.00000   0.00000   0.00000   0.00000   0.00000   0.00017
   0.00000   0.00000   0.00000   0.00000   0.00000   0.00000   0.00000   0.00000   0.00000   0.00000   0.00000   0.00000   0.00000   0.00000   0.00000
   0.00000   0.00000   0.00000   0.00000   0.00000   0.00000   0.00000   0.00000   0.00000   0.00000   0.00000   0.00000   0.00000   0.00000   0.00000
   0.00000   0.00011  -0.00341  -0.00577  -0.00264   0.00008   0.00001   0.00000   0.00000   0.00000   0.00000   0.00000   0.00000   0.00000   0.00000
   0.00000   0.00000   0.00000   0.00000   0.00000   0.00000   0.00000   0.00000   0.00000   0.00000   0.00000   0.00000   0.00000   0.00000   0.00000
   0.00000   0.00000   0.00000   0.00000   0.00000   0.00000   0.00000   0.00000   0.00000   0.00000   0.00000   0.00000   0.00000   0.00000   0.00000
   0.00000   0.00000   0.00000   0.00000   0.00000   0.00000   0.00000   0.00000   0.00000   0.00000   0.00000   0.00000   0.00000   0.00000   0.00000

 Columns 46 through 60:

   0.00000   0.00000   0.00000   0.00000   0.00000   0.00000   0.00000   0.00000   0.00000   0.00000   0.00000   0.00000   0.00000   0.00000   0.00000
   0.00000   0.00000   0.00000   0.00000   0.00032  -0.00092  -0.02535  -0.03859  -0.03840  -0.01937   0.00039   0.00008   0.00000   0.00000   0.00000
   0.00000   0.00000   0.00000   0.00000   0.00000   0.00000   0.00000   0.00000   0.00000   0.00000   0.00000   0.00000   0.00000   0.00000   0.00000
   0.00000   0.00000   0.00000   0.00000   0.00000   0.00000   0.00000   0.00000   0.00000   0.00000   0.00000   0.00000   0.00000   0.00000   0.00000
   0.00000   0.00000   0.00000   0.00000   0.00087  -0.00651  -0.02449  -0.02027  -0.01446  -0.02411  -0.02196  -0.00654   0.00080   0.00000   0.00000
   0.00000   0.00000   0.00000   0.00000   0.00000   0.00000   0.00000   0.00000   0.00000   0.00000   0.00000   0.00000   0.00000   0.00000   0.00000
   0.00000   0.00000   0.00000   0.00000   0.00000   0.00086  -0.00989  -0.00115   0.00672   0.00617   0.00559  -0.00952  -0.00318   0.00034   0.00000
   0.00000   0.00092  -0.01401  -0.04757  -0.05061  -0.04764  -0.02930  -0.00643   0.00046   0.00000   0.00000   0.00000   0.00000   0.00000   0.00000
   0.00000   0.00000   0.00000   0.00000   0.00000   0.00000   0.00000   0.00000   0.00000   0.00000   0.00000   0.00000   0.00000   0.00000   0.00000
   0.00000   0.00000   0.00000   0.00000   0.00000   0.00000   0.00000   0.00000   0.00000   0.00000   0.00000   0.00000   0.00000   0.00000   0.00000
   0.00000   0.00000   0.00000   0.00000   0.00000   0.00000   0.00000   0.00000   0.00000   0.00000   0.00000   0.00000   0.00000   0.00000   0.00000
   0.00000   0.00000   0.00000   0.00000   0.00000   0.00000   0.00000   0.00000   0.00000   0.00000   0.00000   0.00000   0.00000   0.00000   0.00000
   0.00000   0.00000   0.00000   0.00000   0.00000   0.00000   0.00000   0.00000   0.00000   0.00000   0.00000   0.00000   0.00000   0.00000   0.00000
  -0.00027  -0.01515  -0.03208  -0.04683  -0.05014  -0.03467  -0.01335  -0.00046   0.00017   0.00000   0.00000   0.00000   0.00000   0.00000   0.00000
   0.00000   0.00085  -0.00596  -0.04721  -0.01666  -0.02179  -0.05131  -0.05032  -0.04348  -0.01318   0.00067   0.00005   0.00000   0.00000   0.00000
   0.00000   0.00000   0.00000   0.00000   0.00000   0.00000   0.00000   0.00000   0.00000   0.00000   0.00000   0.00000   0.00000   0.00000   0.00000
   0.00000   0.00000   0.00000   0.00000   0.00087  -0.00637  -0.02633  -0.00904   0.00270  -0.01312  -0.01513   0.00087   0.00000   0.00000   0.00000
   0.00000   0.00018  -0.00193  -0.01970  -0.04700  -0.05008  -0.05001  -0.04476  -0.01112  -0.00156   0.00026   0.00000   0.00000   0.00000   0.00000
   0.00000   0.00000   0.00000   0.00050  -0.00611  -0.03657  -0.05040  -0.05001  -0.04759  -0.02355   0.00021   0.00011   0.00000   0.00000   0.00000
   0.00000   0.00000   0.00000   0.00000   0.00000   0.00000   0.00000   0.00000   0.00000   0.00000   0.00000   0.00000   0.00000   0.00000   0.00000

 Columns 61 through 75:

   0.00000   0.00000   0.00000   0.00000   0.00000   0.00000   0.00000   0.00001   0.00000  -0.00074  -0.00813  -0.01861  -0.01874  -0.01876  -0.01910
   0.00000   0.00000   0.00000   0.00000   0.00000   0.00000   0.00000   0.00012  -0.00082  -0.00705  -0.01097   0.19688   0.32091   0.31891   0.14172
   0.00000   0.00000   0.00000   0.00000   0.00000   0.00000   0.00000   0.00000   0.00000   0.00000   0.00000   0.00000   0.00000   0.00000   0.00000
   0.00000   0.00000   0.00000   0.00000   0.00000   0.00000   0.00000   0.00000   0.00000   0.00011  -0.00108  -0.00426  -0.00356  -0.00482  -0.00375
   0.00000   0.00000   0.00000   0.00000   0.00000   0.00000   0.00011  -0.00072  -0.00817  -0.03530   0.02545   0.17806   0.23222   0.35208   0.16125
   0.00000   0.00000   0.00000   0.00000   0.00000   0.00002  -0.00012  -0.00070  -0.00776  -0.02779  -0.03750  -0.03712  -0.03724  -0.03525  -0.01286
   0.00000   0.00000   0.00000   0.00000   0.00000   0.00000   0.00000   0.00000   0.00010  -0.00077  -0.01866   0.04680   0.49227   0.60094   0.59720
   0.00000   0.00000   0.00000   0.00000   0.00034  -0.00191  -0.03628   0.08982   0.41290   0.45033   0.41581   0.23781   0.01875  -0.02672  -0.00210
   0.00000   0.00000   0.00000   0.00000   0.00000   0.00000   0.00000   0.00000   0.00000   0.00008  -0.00071  -0.00142  -0.00121  -0.00286  -0.00053
   0.00000   0.00000   0.00000   0.00000   0.00000   0.00000   0.00000   0.00000   0.00000   0.00003   0.00002  -0.00273  -0.00873  -0.02239  -0.02143
   0.00000   0.00000   0.00000   0.00000   0.00000   0.00000   0.00000   0.00000   0.00000   0.00000   0.00017  -0.00186  -0.00347  -0.01003  -0.01584
   0.00000   0.00000   0.00000   0.00000   0.00002  -0.00002  -0.00149  -0.00525  -0.01160  -0.01189  -0.02595  -0.02494  -0.01271  -0.00771  -0.00383
   0.00000   0.00000   0.00000   0.00000   0.00000   0.00000   0.00000   0.00000   0.00002  -0.00016  -0.00112  -0.00387  -0.00495  -0.00483  -0.00487
   0.00000   0.00000   0.00000   0.00023  -0.00360  -0.02155   0.10054   0.26273   0.40290   0.43411   0.28660   0.08313  -0.02247  -0.00431   0.00003
   0.00000   0.00000   0.00000   0.00000   0.00000   0.00015  -0.00876   0.02906   0.40639   0.12926   0.16362   0.44077   0.43243   0.36712   0.08442
   0.00000   0.00000   0.00000   0.00000   0.00000   0.00000   0.00000   0.00000   0.00001  -0.00004  -0.00157  -0.00278  -0.00173  -0.00037   0.00004
   0.00000   0.00000   0.00000   0.00000   0.00000   0.00000   0.00000   0.00008  -0.00044  -0.01187   0.03086   0.19123   0.43754   0.60123   0.38627
   0.00000   0.00000   0.00000   0.00000   0.00010  -0.00056  -0.00546  -0.00796   0.14219   0.40056   0.42946   0.42905   0.37928   0.06270  -0.00942
   0.00000   0.00000   0.00000   0.00000   0.00000   0.00000   0.00017  -0.00153  -0.02143   0.01715   0.30266   0.43588   0.43343   0.40914   0.17929
   0.00000   0.00000   0.00000   0.00000   0.00000   0.00000   0.00000   0.00000   0.00000   0.00001  -0.00000  -0.00121  -0.00181  -0.00306  -0.00395

 Columns 76 through 90:

  -0.01640  -0.00378   0.00033   0.00001   0.00000   0.00000   0.00000   0.00000   0.00000   0.00000   0.00000   0.00012   0.00012  -0.01404  -0.02845
  -0.01568  -0.00027   0.00003   0.00000   0.00000   0.00000   0.00000   0.00000   0.00000   0.00000   0.00000   0.00025  -0.00196  -0.01207   0.00562
   0.00000   0.00000   0.00000   0.00000   0.00000   0.00000   0.00000   0.00000   0.00000   0.00000   0.00000   0.00000   0.00000   0.00000   0.00000
  -0.00345  -0.00005   0.00003   0.00000   0.00000   0.00000   0.00000   0.00000   0.00000   0.00000   0.00000   0.00000   0.00034  -0.00254  -0.01486
   0.16438   0.02583  -0.02014   0.00067   0.00000   0.00000   0.00000   0.00000   0.00000   0.00009  -0.00002  -0.01027  -0.02190   0.07872   0.41258
   0.00048   0.00005   0.00000   0.00000   0.00000   0.00000   0.00000   0.00000   0.00000   0.00031  -0.00117  -0.02247  -0.03204   0.07472   0.43101
   0.59816   0.30050  -0.01111  -0.00258   0.00000   0.00000   0.00000   0.00000   0.00000   0.00000   0.00000   0.00000   0.00020  -0.00186  -0.01553
   0.00031   0.00000   0.00000   0.00000   0.00000   0.00000   0.00000   0.00000   0.00015  -0.00628  -0.01205   0.42514   0.83804   0.97008   0.83090
  -0.00200   0.00011   0.00000   0.00000   0.00000   0.00000   0.00000   0.00000   0.00000   0.00000   0.00000   0.00000   0.00000   0.00008  -0.00070
  -0.00723  -0.00235   0.00008   0.00002   0.00000   0.00000   0.00000   0.00000   0.00000   0.00000   0.00000   0.00000   0.00000   0.00011  -0.00052
  -0.00841  -0.00241  -0.00024   0.00004   0.00000   0.00000   0.00000   0.00000   0.00000   0.00000   0.00000   0.00000   0.00000   0.00001   0.00070
  -0.00153   0.00001   0.00001   0.00000   0.00000   0.00000   0.00000   0.00000   0.00018  -0.00174  -0.01881  -0.01763   0.03225   0.13686   0.14257
  -0.00467  -0.00168   0.00013   0.00001   0.00000   0.00000   0.00000   0.00000   0.00000   0.00000   0.00000   0.00000   0.00056  -0.00438  -0.01983
   0.00003   0.00000   0.00000   0.00000   0.00000   0.00000   0.00000   0.00052  -0.00664  -0.00817   0.36945   0.82933   0.92474   1.00952   1.03166
  -0.02137   0.00009   0.00005   0.00000   0.00000   0.00000   0.00000   0.00000   0.00000   0.00006  -0.00106  -0.01458   0.46206   0.95575   0.55045
   0.00000   0.00000   0.00000   0.00000   0.00000   0.00000   0.00000   0.00000   0.00000   0.00000   0.00000   0.00009   0.00023  -0.01091  -0.02776
   0.09647  -0.01987   0.00044   0.00007   0.00000   0.00000   0.00000   0.00000   0.00000   0.00000   0.00000   0.00026  -0.00166  -0.01758   0.00416
  -0.01081  -0.00125   0.00006   0.00001   0.00000   0.00000   0.00000   0.00000   0.00010  -0.00120  -0.01474   0.01191   0.41795   0.85022   1.03446
  -0.02565  -0.00241   0.00029   0.00000   0.00000   0.00000   0.00000   0.00000   0.00000   0.00000   0.00020  -0.00391  -0.01621   0.22728   0.71733
  -0.00169  -0.00036   0.00005   0.00000   0.00000   0.00000   0.00000   0.00000   0.00000   0.00000   0.00000   0.00000   0.00012  -0.00020  -0.01577

 Columns 91 through 105:

   0.08038   0.26654   0.27385   0.27873   0.27429   0.22468   0.02776  -0.00706   0.00023   0.00000   0.00000   0.00000   0.00000   0.00000   0.00000
   0.29035   0.86441   0.98839   0.98553   0.79947   0.15672  -0.01742   0.00054   0.00000   0.00000   0.00000   0.00000   0.00000   0.00000   0.00000
   0.00048  -0.00517  -0.01552  -0.01616  -0.01622  -0.01610  -0.00574   0.00068   0.00000   0.00000   0.00000   0.00000   0.00000   0.00000   0.00000
  -0.01302   0.01494   0.00706   0.02238   0.00887   0.00705  -0.01361   0.00019   0.00009   0.00000   0.00000   0.00000   0.00000   0.00000   0.00000
   0.62364   0.89336   0.90769   0.95774   0.88023   0.85251   0.62102   0.16190  -0.01061   0.00000   0.00000   0.00000   0.00000   0.00000   0.00045
   0.60773   0.60079   0.60322   0.56623   0.16890  -0.03008   0.00004   0.00005   0.00000   0.00000   0.00000   0.00000   0.00000   0.00025  -0.00478
   0.11752   0.56761   1.00023   1.03695   1.03262   1.04029   0.76543   0.15820  -0.01185   0.00000   0.00000   0.00000   0.00000   0.00000   0.00000
   0.92924   0.89399   0.77071   0.33485  -0.00716  -0.00595   0.00015   0.00000   0.00000   0.00000   0.00000   0.00000   0.00000  -0.00091  -0.03246
  -0.00911  -0.01567  -0.01716   0.00007  -0.02468  -0.00666  -0.00825   0.00089   0.00000   0.00000   0.00000   0.00000   0.00000   0.00000   0.00031
  -0.02081  -0.00353   0.09006   0.33308   0.31619   0.06327  -0.00354  -0.00428   0.00034   0.00000   0.00000   0.00000   0.00000   0.00000   0.00000
  -0.00956  -0.00950   0.00448   0.11596   0.21367   0.08789  -0.00266  -0.00156  -0.00002   0.00000   0.00000   0.00000   0.00000   0.00000   0.00000
   0.39813   0.37963   0.15725   0.07233   0.00800  -0.01497  -0.01221  -0.00009   0.00012   0.00000   0.00000   0.00000   0.00013  -0.00114  -0.01627
  -0.02342   0.01038   0.02384   0.02234   0.02289   0.01980  -0.00980  -0.00447   0.00044   0.00000   0.00000   0.00000   0.00000   0.00000   0.00000
   0.94866   0.82467   0.42158  -0.00601  -0.01146   0.00062   0.00002   0.00000   0.00000   0.00000   0.00000   0.00000  -0.00265  -0.00353   0.46512
   0.83259   1.06668   1.07283   1.02669   0.74008   0.20916  -0.02185   0.00053   0.00002   0.00000   0.00000   0.00000   0.00000   0.00000   0.00011
  -0.01812  -0.00312  -0.01593  -0.02979  -0.02285  -0.00530   0.00040   0.00000   0.00000   0.00000   0.00000   0.00000   0.00000   0.00000   0.00000
   0.49951   0.89736   0.99612   1.04519   0.96976   0.69493   0.12113  -0.01479  -0.00015   0.00000   0.00000   0.00000   0.00000   0.00000   0.00000
   1.06701   1.04520   1.00648   0.76808   0.37600   0.08547  -0.00567  -0.00002  -0.00001   0.00000   0.00000   0.00000   0.00000   0.00020  -0.02755
   0.98391   1.04090   1.02283   1.02650   0.88916   0.35956   0.00520  -0.00293   0.00000   0.00000   0.00000   0.00000   0.00000   0.00000   0.00010
  -0.02139  -0.01648  -0.01582   0.00241   0.01439  -0.01534  -0.01090  -0.00015   0.00011   0.00000   0.00000   0.00000   0.00000   0.00000   0.00000

 Columns 106 through 120:

   0.00000  -0.00033  -0.01387   0.08157   0.38280   0.85785   1.00110   0.96971   0.93093   1.00384   0.96416   0.44926  -0.00560  -0.00378   0.00000
   0.00000  -0.00109  -0.02907   0.23575   0.79254   1.00266   1.05862   0.87625   0.92912   1.06343   0.73178   0.03599  -0.01313   0.00040   0.00000
   0.00000   0.00000  -0.00000  -0.00000   0.00139  -0.01423   0.00241   0.08632   0.09141   0.09164   0.08999   0.01726  -0.00764   0.00044   0.00000
   0.00000   0.00011  -0.00196   0.00071   0.05674   0.29802   0.74518   0.66321   0.80107   0.68707   0.63895   0.08413  -0.01260   0.00001   0.00000
  -0.00795   0.02284   0.31927   0.88557   0.99303   1.03534   0.97318   0.92769   0.92559   0.93809   1.00064   1.02957   0.80558  -0.02096   0.00000
  -0.01891   0.17284   0.40665   0.82467   1.00734   1.03292   1.04441   1.03464   1.02918   0.80114   0.15150  -0.02690   0.00060   0.00008   0.00000
  -0.00000   0.00108  -0.02737  -0.05684   0.26276   0.87608   1.00401   1.00490   0.75626   0.43580   0.81774   1.01818   0.82183  -0.02043   0.00000
   0.49512   1.03336   0.51762   0.01961   0.01796   0.02572   0.12771   0.66018   0.97793   0.46655  -0.02912  -0.00091   0.00000   0.00000   0.00000
  -0.00007  -0.03461  -0.03051  -0.02280  -0.04118   0.18568   0.39650   0.36432   0.57027   0.28066   0.44555   0.03161  -0.00689   0.00009   0.00000
   0.00000   0.00000   0.00057  -0.00441  -0.03647   0.12594   0.59468   0.88306   1.03458   1.02200   0.85928   0.50177   0.00148  -0.00566   0.00000
   0.00023  -0.00251  -0.01917  -0.01541  -0.03209   0.00780   0.43754   0.67372   0.85397   1.00754   0.79704   0.51005   0.04752  -0.00845   0.00000
   0.11852   0.43530   0.76021   0.98516   0.99552   1.03646   1.02825   0.99246   0.86051   0.72447   0.41453   0.05647  -0.00789  -0.00004   0.00000
   0.00011  -0.00031  -0.03176  -0.01107   0.15807   0.39826   0.69900   0.81647   0.80328   0.80808   0.79229   0.40062   0.00472  -0.00414   0.00000
   0.97858   0.75470   0.32318   0.24198   0.23817   0.39240   0.77715   0.98956   0.60520   0.05901  -0.01639   0.00026   0.00000   0.00000   0.00000
  -0.02237   0.22177   0.94261   0.89199   0.89405   1.04366   0.94119   0.63513   0.77757   1.03515   0.74414   0.09372  -0.01369  -0.00004   0.00000
   0.00036  -0.00389  -0.03494   0.04376   0.20396   0.45912   0.60018   0.47704   0.29921   0.14139   0.00599  -0.00774   0.00068   0.00000   0.00000
   0.00002  -0.00155  -0.02151   0.20880   0.62367   0.99849   1.00709   0.82796   0.79017   1.03039   1.02270   0.77663   0.06707  -0.01252   0.00000
   0.21078   0.63211   0.94824   1.02889   0.89255   0.82485   0.96593   1.00669   1.01106   0.97944   0.77355   0.29161  -0.01801  -0.00136   0.00000
   0.00007  -0.03015   0.45622   0.96853   0.94990   0.58119   0.32763   0.17767   0.34022   0.80236   0.91112   0.21413  -0.02725   0.00000   0.00000
  -0.00000   0.00008  -0.00091  -0.01616   0.08725   0.13684   0.35666   0.48410   0.57486   0.65202   0.45174   0.12577  -0.01513  -0.00004   0.00000

 Columns 121 through 135:

   0.00000   0.00000   0.00000   0.00001   0.00044  -0.00396  -0.02685   0.10076   0.64203   1.03137   0.85097   0.54312   0.34260   0.26892   0.66837
   0.00000   0.00000   0.00000   0.00000   0.00025  -0.00109  -0.03027   0.22292   0.85691   1.00723   0.45262   0.42260   0.18243   0.22989   0.76365
   0.00000   0.00000   0.00000   0.00000   0.00000   0.00000   0.00043  -0.01768  -0.02093  -0.03639   0.08695   0.53718   0.75333   0.76817   0.77149
   0.00000   0.00000   0.00000   0.00000   0.00000   0.00062  -0.00794  -0.03007   0.25466   0.73082   0.90005   1.02128   1.01368   1.01683   1.01377
   0.00000   0.00000   0.00000   0.00022  -0.01762   0.07586   0.60528   0.92818   1.01964   1.01191   0.71049   0.36769   0.22505   0.23685   0.26317
   0.00000   0.00000   0.00023  -0.00411   0.00360   0.28030   0.87017   1.04286   1.01215   0.98343   0.85595   0.71685   0.80704   0.96774   1.03209
   0.00000   0.00000   0.00000   0.00003   0.00034  -0.00841  -0.03273   0.26886   0.58715   0.86413   1.02632   1.02099   0.87443   0.19656  -0.05210
   0.00000   0.00000   0.00081  -0.02541   0.25518   0.92413   0.45012  -0.00568  -0.01177  -0.00454  -0.00520  -0.01707  -0.01959   0.51433   0.97183
   0.00000   0.00000   0.00000   0.00030  -0.00759  -0.01701   0.37386   0.32740   0.23099   0.30506   0.76324   0.98147   0.97893   1.00976   0.96789
   0.00000   0.00000   0.00000   0.00000   0.00000   0.00000   0.00039  -0.01424   0.01776   0.38622   0.84855   0.99873   0.83833   0.50808   0.53587
   0.00000   0.00000   0.00000   0.00001   0.00041  -0.00810   0.00962   0.19756   0.15326   0.26629   0.51976   0.99096   1.00803   0.74679   0.76434
   0.00000   0.00013  -0.00168  -0.01987   0.31518   0.82409   1.02462   1.02173   0.86892   0.66526   0.52584   0.60139   0.78932   0.92412   1.04878
   0.00000   0.00000   0.00000   0.00018  -0.00204  -0.01763  -0.01701   0.27739   0.56105   0.83487   1.03915   1.03265   1.02550   1.02766   1.02212
   0.00000   0.00009  -0.02870   0.21707   0.92578   0.68600   0.05035  -0.03136  -0.01757  -0.01782  -0.02801   0.04068   0.51098   1.02304   0.54103
   0.00000   0.00000   0.00000   0.00004  -0.00722   0.00763   0.60611   1.01483   0.99953   1.01268   0.77194   0.35087  -0.03740   0.10701   0.77034
   0.00000   0.00000   0.00000   0.00002   0.00046  -0.01075   0.01403   0.35812   0.71188   0.91950   0.95251   0.83944   0.91454   0.94023   0.87451
   0.00000   0.00000   0.00000   0.00000   0.00000   0.00064  -0.02147   0.20268   0.82932   1.03345   0.99410   0.60439   0.12524   0.34189   0.94497
   0.00000   0.00000   0.00035  -0.01648   0.17382   0.79648   1.01296   1.01527   0.88361   0.29097   0.11746   0.39434   0.82964   1.01405   0.99075
   0.00000   0.00000   0.00000   0.00003  -0.00080  -0.03275   0.35518   1.00025   0.73601   0.23424  -0.02409  -0.02428  -0.01384  -0.03826   0.16675
   0.00000   0.00000   0.00000   0.00010  -0.00065  -0.01299  -0.02030  -0.02376   0.18626   0.74139   0.84270   0.96456   1.05390   1.04060   1.02866

 Columns 136 through 150:

   1.01257   0.90380   0.10448  -0.01664   0.00000   0.00000   0.00000   0.00000   0.00003  -0.00311   0.00752   0.17754   0.79289   0.96563   0.46317
   0.98398   0.45445  -0.00125  -0.00418   0.00000   0.00000   0.00000   0.00000   0.00002  -0.00119  -0.01458   0.22777   0.84979   1.03787   0.58962
   0.77661   0.43211  -0.00776  -0.00457   0.00000   0.00000   0.00000   0.00000   0.00004  -0.00021  -0.00497  -0.02965   0.27269   0.51184   0.62576
   0.99544   0.68291   0.05175  -0.01047   0.00000   0.00000   0.00000   0.00000   0.00000   0.00000  -0.00315   0.02757   0.08183   0.66175   1.04817
   0.89634   1.02256   0.85536  -0.02071   0.00000   0.00000   0.00000   0.00000  -0.00107  -0.02024   0.34830   1.01430   1.02044   0.92478   0.55536
   0.78478   0.16400  -0.01379  -0.00064   0.00000   0.00000   0.00000  -0.00109  -0.01808   0.45163   0.95391   1.01197   0.99385   0.98596   0.73061
   0.40400   1.00869   0.85521  -0.02065   0.00000   0.00000   0.00000   0.00000  -0.00001  -0.01122   0.07281   0.44361   0.91225   1.04571   1.01661
   0.25049  -0.02544   0.00081   0.00000   0.00000   0.00000   0.00012  -0.01014   0.04059   0.78418   0.59083  -0.03665  -0.00825   0.00069   0.00000
   0.91737   0.25504  -0.03484  -0.00054   0.00000   0.00000   0.00000   0.00198  -0.02062  -0.01828   0.40305   0.96354   0.80682   0.82357   0.96286
   0.96092   0.94906   0.22703  -0.01804   0.00000   0.00000   0.00000   0.00000   0.00000   0.00015   0.00023  -0.02266   0.00191   0.32174   0.94360
   1.00707   0.95496   0.25175  -0.01823   0.00000   0.00000   0.00000   0.00000   0.00015  -0.00718   0.01458   0.25165   0.83611   0.85750   0.95618
   0.99994   0.70373   0.07172  -0.01229   0.00000   0.00000  -0.00084  -0.02516   0.29196   0.93455   1.00458   0.62936   0.20805   0.10961   0.02554
   1.01605   0.95376   0.11896  -0.01827   0.00000   0.00000   0.00000   0.00011  -0.00097  -0.01722   0.14202   0.48529   0.92635   1.02123   1.02788
   0.02574  -0.00530   0.00011   0.00000   0.00000   0.00000  -0.00431  -0.01007   0.55498   1.03227   0.30638  -0.03506   0.00104   0.00003   0.00007
   1.02558   0.40239  -0.03411  -0.00106   0.00000   0.00000   0.00000   0.00000  -0.00025  -0.02507   0.22747   0.91830   1.00813   1.01196   0.73694
   0.51586   0.02657  -0.00923   0.00027   0.00000   0.00000   0.00000   0.00000  -0.00002  -0.00762   0.03154   0.54343   0.91410   0.61194   0.32903
   1.00167   1.02971   0.14709  -0.02120   0.00000   0.00000   0.00000   0.00000   0.00001   0.00085  -0.02772   0.16999   0.86233   1.04392   0.90527
   1.01948   0.76054   0.05766  -0.01161   0.00000   0.00000   0.00009  -0.01427   0.08322   0.76081   1.01918   1.01997   0.66514   0.07937  -0.00759
   0.95524   0.33160  -0.03923   0.00000   0.00000   0.00000   0.00000   0.00000  -0.00009  -0.02410   0.17831   0.93212   0.79512   0.11702  -0.04399
   1.01711   0.72309   0.06104  -0.01158   0.00000   0.00000   0.00000   0.00015  -0.00066  -0.02555   0.10258   0.31953   0.56565   0.92580   1.01435

 Columns 151 through 165:

   0.06917  -0.00364  -0.04122  -0.05019   0.15610   0.90176   1.04748   0.15106  -0.02160   0.00000   0.00000   0.00000   0.00006  -0.00064  -0.03233
  -0.04630  -0.05305  -0.02390  -0.06551   0.49759   1.01926   0.91733   0.10699  -0.01696   0.00000   0.00000   0.00000   0.00000  -0.00009  -0.01677
   0.87373   1.01442   1.02447   1.04954   1.05684   1.02232   0.98259   0.48023  -0.01931   0.00000   0.00000   0.00000   0.00006  -0.00058  -0.00274
   1.00191   0.93862   0.93311   0.81732   0.99134   0.99346   1.03685   0.14811  -0.02135   0.00000   0.00000   0.00000   0.00000   0.00033  -0.00485
   0.06503  -0.01778  -0.03221  -0.03198  -0.04574   0.45613   1.04649   0.84983  -0.02067   0.00000   0.00000   0.00000   0.00047  -0.01990   0.20861
   0.10319   0.03975   0.06253   0.44431   0.95775   1.04460   0.55952  -0.00775  -0.00499   0.00000   0.00000   0.00000  -0.01425   0.09204   0.79219
   0.90066   0.92661   0.93376   0.26057  -0.05990   0.20954   0.98429   0.85143  -0.02054   0.00000   0.00000   0.00000   0.00003  -0.00259  -0.01148
   0.00000   0.00069  -0.01037  -0.00906   0.46088   0.81977   0.11691  -0.01810   0.00012   0.00000   0.00000  -0.00046  -0.04000   0.39725   0.90958
   1.00120   0.99563   0.82965   0.63422   0.95882   1.00645   0.75993   0.16636  -0.01257   0.00000   0.00000   0.00000  -0.01653   0.13120   0.48938
   0.99000   0.55505   0.08266  -0.03135   0.00502   0.81186   1.03005   0.65660  -0.02078   0.00000   0.00000   0.00000   0.00008   0.00015  -0.01448
   0.99360   0.88063   0.46241   0.03661   0.17635   0.96433   1.02718   0.47850  -0.02100   0.00000   0.00000   0.00000   0.00044  -0.00562  -0.02261
  -0.01720   0.00712   0.06610   0.14402   0.30350   0.86445   1.05553   0.14562  -0.02121   0.00000   0.00000  -0.01055   0.04741   0.73907   0.97022
   0.95649   0.87101   0.67608   0.43488   0.74454   0.99996   1.02361   0.14554  -0.02102   0.00000   0.00000   0.00003   0.00024  -0.02620   0.28957
   0.00030  -0.01797   0.00813   0.61002   1.00769   0.45082  -0.02309  -0.00058   0.00000   0.00000   0.00000  -0.00267  -0.01692   0.42918   0.98647
   0.13930  -0.02406  -0.00448  -0.04432   0.51392   1.03910   0.68114   0.03139  -0.00878   0.00000   0.00000   0.00000   0.00000  -0.00321   0.00281
   0.12225   0.09476   0.09257   0.14256   0.54943   0.99412   0.48325  -0.01023  -0.00368   0.00000   0.00000   0.00001   0.00009  -0.00331  -0.03083
   0.27394   0.02296  -0.02750  -0.01314   0.55895   1.00804   1.01441   0.14233  -0.02067   0.00000   0.00000   0.00000   0.00000   0.00021  -0.01100
  -0.01811  -0.02052   0.04871   0.40723   0.96124   0.99294   1.01595   0.14451  -0.02087   0.00000   0.00000  -0.00016  -0.02176   0.18018   0.86829
  -0.00165   0.00022   0.00000  -0.00491   0.02160   0.94814   0.39966  -0.02836  -0.00146   0.00000   0.00000   0.00000   0.00000  -0.00263  -0.00614
   1.03655   0.90288   0.62712   0.59581   0.80968   1.00044   1.02840   0.14502  -0.02102   0.00000   0.00000   0.00002  -0.00036  -0.01511   0.22941

 Columns 166 through 180:

   0.27820   0.93672   1.04321   0.59800  -0.00359  -0.02168  -0.00481   0.00006  -0.01238   0.15548   0.91487   0.92040   0.10917  -0.01711   0.00000
   0.11537   0.80662   1.02731   0.75093   0.10106  -0.02012   0.00013   0.00000  -0.01902   0.27272   0.97352   0.98923   0.13474  -0.01981   0.00000
   0.00884   0.14660   0.91603   1.02029   1.01055   1.00844   0.96849   0.94967   0.72621   0.69480   0.97713   1.01403   0.84782  -0.02076   0.00000
  -0.05576   0.42428   0.82428   0.99508   1.00085   0.45258   0.25122   0.35585   0.18404   0.85025   1.01864   0.85735   0.09279  -0.01530   0.00000
   0.90618   1.00905   1.01198   0.41874  -0.06085  -0.01014  -0.00235   0.00031  -0.00038  -0.03247   0.31878   1.05391   0.84981  -0.02067   0.00000
   1.02635   0.99188   1.03409   0.72170   0.07623  -0.02203  -0.01063  -0.01759  -0.01347   0.54668   1.03570   0.83769   0.11803  -0.01438   0.00000
   0.60016   1.00883   1.00396   0.98778   0.72415   0.14033   0.18415   0.74368   0.34016  -0.06294   0.22733   0.98469   0.86631  -0.02050   0.00000
   0.10858  -0.01416   0.00046   0.00000   0.00000   0.00000   0.00000   0.00069  -0.01128   0.01600   0.89327   0.40452  -0.03801  -0.00068   0.00000
   0.92544   0.99788   0.98959   0.99644   1.04178   0.73681   0.48031   0.19861   0.00456   0.46652   0.98694   1.01700   0.72455  -0.02081   0.00000
  -0.04402   0.12519   0.61086   1.00815   0.89340   0.24396  -0.01239  -0.01670  -0.00449  -0.02147   0.44431   1.04766   0.74622  -0.02069   0.00000
   0.48115   0.97003   1.01280   1.02077   1.00950   0.53684   0.11850  -0.03425  -0.02275   0.12444   0.96325   1.01822   0.86205  -0.02067   0.00000
   0.40901   0.27439   0.09051  -0.02019  -0.00829  -0.00348  -0.00613  -0.01266  -0.01785  -0.03894   0.23721   0.91053   0.15786  -0.02071   0.00000
   0.90006   1.00824   1.00768   1.04473   0.76008   0.29542   0.01876   0.00894  -0.03721   0.18267   0.97054   1.01773   0.14235  -0.02067   0.00000
   0.30673  -0.04698  -0.00156   0.00035   0.00000   0.00000   0.00039  -0.02163   0.09029   0.82968   0.83180   0.06965  -0.01232   0.00002   0.00000
   0.61632   1.02352   0.98002   0.65601   0.09130  -0.02760  -0.00209   0.00035  -0.01877   0.25488   0.99539   0.76504   0.06101  -0.01189   0.00000
   0.42155   1.02487   0.75307   0.27142   0.11022  -0.01651  -0.01426  -0.01605  -0.02171  -0.01225   0.69189   0.92636   0.10325  -0.01656   0.00000
   0.01377   0.60571   1.03815   0.88155   0.44011  -0.01458  -0.01092   0.00125  -0.04174   0.50321   1.00665   1.02514   0.14533  -0.02100   0.00000
   1.01594   0.85298   0.25776  -0.03149  -0.00226   0.00009  -0.00210  -0.02269   0.01669   0.76058   1.01156   1.00240   0.14116  -0.02048   0.00000
   0.59595   0.95906   0.23240  -0.02832   0.00052   0.00004   0.00000   0.00000  -0.00900   0.09842   0.93664   0.32499  -0.03843   0.00000   0.00000
   0.79903   0.97690   1.01784   1.00787   1.01401   0.90394   0.31617  -0.02463  -0.05683   0.50759   1.00716   1.01633   0.14286  -0.02073   0.00000

 Columns 181 through 195:

   0.00000   0.00016  -0.00043  -0.02515   0.13053   0.78166   1.02837   0.75714   0.28467   0.00487  -0.00319   0.00000   0.00084  -0.03708   0.45264
   0.00000   0.00000   0.00000  -0.00087  -0.02724   0.40703   1.01467   0.81218   0.09606   0.00050   0.00001  -0.00005   0.00009  -0.02976   0.45189
   0.00000   0.00000   0.00107  -0.01486   0.02685   0.65236   0.85968   1.00833   1.02331   0.98982   0.60665   0.20708   0.21453   0.03016   0.38315
   0.00000   0.00022  -0.00154  -0.01487   0.04335   0.16569   0.68935   1.05154   0.82442   0.61303   0.01244  -0.02530  -0.04333   0.18469   0.87736
   0.00000   0.00000  -0.00585   0.01976   0.60925   1.01615   1.01118   0.61947   0.06173  -0.00723   0.00000   0.00000   0.00000  -0.00040  -0.03231
   0.00000   0.00000  -0.03893   0.32370   0.97811   0.99990   1.00629   0.96281   0.34829  -0.03509  -0.00056   0.00004   0.00037  -0.01325   0.11175
   0.00000   0.00000   0.00097  -0.02629   0.23214   0.94946   0.99232   0.99268   0.99169   0.51329  -0.01153  -0.02772   0.15910   0.15856  -0.05810
   0.00000  -0.01107   0.05206   0.78517   0.46707  -0.02802  -0.00102   0.00000   0.00000   0.00000   0.00000   0.00000   0.00000  -0.00249  -0.00722
   0.00000   0.00000  -0.04897   0.41887   1.03675   0.99097   0.99001   0.99478   0.95499   0.43082   0.10170  -0.00705  -0.00940  -0.01170   0.02789
   0.00000   0.00000  -0.00027  -0.01005   0.17764   0.68401   0.83856   1.01149   0.96495   0.33095  -0.03675  -0.00232   0.00023  -0.00077  -0.03160
   0.00000   0.00000  -0.00481   0.01851   0.44765   0.97244   1.00433   1.00615   0.87109   0.44924   0.00227  -0.01766   0.00157  -0.01431   0.13867
   0.00000  -0.02039   0.13970   1.02665   0.61890   0.56127   0.91416   0.64886  -0.01848   0.00000   0.00000   0.00000   0.00000   0.00009  -0.01752
   0.00000   0.00035  -0.02903   0.19088   0.86983   1.01542   1.01770   0.96955   0.49646   0.09355  -0.03420  -0.00411  -0.00171  -0.03960   0.49008
   0.00000   0.00023  -0.01142   0.04548   0.64692   0.79954   0.42868   0.02882  -0.00634   0.00000   0.00000   0.00000   0.00012  -0.03342   0.52237
   0.00000   0.00000   0.00010  -0.01527   0.18883   0.93855   1.00947   0.90591   0.13305  -0.01669   0.00017   0.00001   0.00000  -0.02308   0.34624
   0.00000   0.00033  -0.00404  -0.01524   0.22224   0.82928   1.04280   0.74912   0.63782   0.40909   0.00621  -0.00229   0.00000  -0.00247  -0.00684
   0.00000   0.00000   0.00015  -0.00478   0.01185   0.53582   0.97104   1.04764   0.63502  -0.00856  -0.00528   0.00004  -0.00670   0.02467   0.61765
   0.00000  -0.01159   0.06229   0.71460   0.97888   1.02196   0.46027  -0.04699  -0.00183   0.00000   0.00000   0.00000  -0.00819   0.03503   0.74884
   0.00000   0.00000   0.00000  -0.00902   0.09471   0.91044   0.69923   0.02519  -0.00932   0.00000   0.00000   0.00000   0.00021  -0.02226   0.30137
   0.00000   0.00046  -0.02408   0.13259   0.81646   1.02783   0.99680   1.02418   1.01622   0.64150   0.17510  -0.01061  -0.00262  -0.03896   0.50590

 Columns 196 through 210:

   1.03180   0.53903  -0.00244  -0.00480   0.00000   0.00000  -0.00070  -0.01273   0.16171   0.77987   1.03677   0.80449   0.16059  -0.01382   0.00215
   1.02013   0.71733   0.04570  -0.01025   0.00000   0.00000   0.00000   0.00098  -0.01795   0.08238   0.88510   1.01910   0.87752   0.50565   0.22296
   0.98480   1.03210   0.47051  -0.02128   0.00000   0.00000   0.00000  -0.02101   0.16373   0.69360   0.99701   1.01654   0.87808   0.69282   0.33733
   1.03985   0.57930   0.00302  -0.00561   0.00000   0.00000  -0.00090   0.00617   0.01461   0.51814   0.90635   0.96852   1.02031   0.46788  -0.03682
   0.32043   1.05417   0.85974  -0.02068   0.00000   0.00000   0.00000  -0.02857   0.22563   0.91388   1.01147   1.01550   0.44885  -0.02092   0.00002
   0.78364   1.01929   0.38664  -0.02037   0.00000   0.00000   0.00000  -0.04049   0.33915   0.97511   1.00364   0.96328   0.40584  -0.01843  -0.00036
   0.24205   1.00177   0.59236  -0.02096   0.00000   0.00000   0.00000  -0.01163   0.07441   0.64567   1.00296   0.99091   0.99523   0.99411   0.97469
   0.58739   0.68024   0.02079  -0.00768   0.00000   0.00000  -0.02148   0.15129   1.06381   0.29217  -0.07342  -0.01562   0.00029   0.00012   0.00000
   0.95165   1.01221   0.86878  -0.02054   0.00000   0.00000   0.00000  -0.04970   0.42589   1.03998   0.98035   0.99210   0.97793   0.42819  -0.02724
   0.43100   1.05916   0.43716  -0.02107   0.00000   0.00000   0.00000  -0.01199   0.07252   0.74209   1.04808   1.01560   1.01741   0.79985   0.10885
   0.96424   1.02464   0.84747  -0.02089   0.00000   0.00000   0.00000  -0.04029   0.33607   0.99535   1.00709   1.00051   0.89270   0.21260  -0.03094
   0.08452   0.79639   0.16992  -0.02067   0.00000   0.00000  -0.01943   0.13079   0.98251   0.90864   0.96566   0.52336   0.13052  -0.00617   0.00000
   1.00405   1.02826   0.14670  -0.02114   0.00000   0.00000  -0.00957   0.04180   0.67314   1.00914   1.00875   0.86180   0.41704  -0.01703  -0.01970
   0.97313   0.31147  -0.03479  -0.00021   0.00000   0.00000   0.00000   0.00082  -0.02930   0.34589   0.70578   0.07936  -0.00340  -0.00072   0.00000
   1.00507   0.76871   0.06251  -0.01205   0.00000   0.00000   0.00000  -0.00078  -0.02508   0.52124   1.00920   1.01332   0.83361   0.05085  -0.00749
   0.55982   0.90736   0.09788  -0.01590   0.00000   0.00000  -0.00492   0.00964   0.43799   0.93715   0.65940   0.70814   0.20533   0.00797   0.02264
   1.02013   0.88116   0.09960  -0.01605   0.00000   0.00000   0.00045  -0.00360  -0.04519   0.41895   1.00372   1.01473   0.87685   0.26861  -0.01449
   1.00907   1.00368   0.14159  -0.02053   0.00000   0.00000  -0.02091   0.14443   1.02150   1.01221   0.80213   0.08031  -0.01703   0.00032   0.00000
   0.96243   0.32248  -0.03838   0.00000   0.00000   0.00000   0.00000   0.00000  -0.01461   0.19217   1.01971   0.42971  -0.04840  -0.00010   0.00000
   1.00659   1.01723   0.14315  -0.02076   0.00000   0.00000  -0.00761   0.02722   0.58292   0.99207   0.99770   0.99578   0.80590   0.57669   0.06156

 Columns 211 through 225:

  -0.00021   0.00020  -0.00686   0.00043   0.72068   0.84814   0.15138  -0.02284   0.00020   0.00000   0.00000  -0.00940   0.03745   0.69439   1.02845
  -0.00877  -0.00079   0.00100  -0.04423   0.55714   1.02120   0.45739  -0.01324  -0.00323   0.00000   0.00000   0.00043  -0.01413   0.05479   0.51333
   0.03252  -0.05050  -0.05055   0.32285   0.91059   1.00858   0.83352   0.21589  -0.01478   0.00000   0.00000   0.00000  -0.05147   0.44178   1.06534
  -0.00223  -0.00124  -0.02945   0.44891   1.04976   0.91371   0.29212  -0.01993  -0.00127   0.00000   0.00000  -0.01496   0.10394   0.71301   0.88768
   0.00000   0.00000   0.00000  -0.00172  -0.02105   0.55496   1.04386   0.79544  -0.02073   0.00000   0.00000   0.00000  -0.05105   0.43828   1.05442
   0.00003   0.00000   0.00000  -0.00039  -0.03477   0.37405   1.03753   0.72878  -0.02079   0.00000   0.00000   0.00000  -0.00367  -0.00389   0.65090
   0.23190  -0.01663  -0.01347  -0.02103   0.17844   0.80245   0.93419   0.28164  -0.01779   0.00000   0.00000   0.00000  -0.04495   0.38053   1.01789
   0.00000   0.00000   0.00000  -0.00001  -0.03742   0.29701   0.86889   0.07974  -0.01397   0.00000   0.00000  -0.01578   0.09819   0.87426   0.81229
  -0.02439  -0.00371  -0.00099  -0.01028   0.11617   0.95619   1.00657   0.75654  -0.02044   0.00000   0.00000   0.00000  -0.05013   0.43011   1.03944
  -0.02171   0.00015   0.00048  -0.01433   0.11069   0.80037   0.94762   0.28284  -0.01781   0.00000   0.00000   0.00000  -0.03175   0.25586   0.93130
  -0.00666   0.00052  -0.00159  -0.03119   0.48179   1.00359   0.98959   0.47550  -0.01983   0.00000   0.00000   0.00000  -0.05041   0.43218   1.05049
   0.00000   0.00000   0.00000  -0.00005  -0.03138   0.23595   0.99024   0.14929  -0.02067   0.00000   0.00000  -0.00715   0.01586   0.63655   1.06991
   0.00055   0.00015  -0.00853   0.02904   0.72350   1.03292   0.91351   0.10691  -0.01693   0.00000   0.00000  -0.02175   0.15192   1.04759   0.99470
   0.00000   0.00000   0.00013  -0.02439   0.34770   1.01887   0.49676  -0.01843  -0.00313   0.00000   0.00000   0.00000   0.00002  -0.03187   0.53745
   0.00012   0.00000   0.00107  -0.04390   0.53336   1.04063   0.68680   0.03386  -0.00903   0.00000   0.00000   0.00000  -0.00189  -0.02159   0.65618
   0.00054  -0.00013   0.00000  -0.00253  -0.00696   0.58696   0.82510   0.07133  -0.01304   0.00000   0.00000  -0.01829   0.12142   0.95871   0.61624
  -0.00159   0.00036  -0.03531   0.15405   0.87350   0.95768   0.31118  -0.01664  -0.00171   0.00000   0.00000  -0.00472   0.02197   0.29954   0.80604
   0.00000   0.00000  -0.00111  -0.01133   0.33139   0.97565   1.00535   0.14047  -0.02042   0.00000   0.00000  -0.02070   0.14301   1.01025   1.01484
   0.00000   0.00000  -0.00051  -0.02201   0.43904   0.86238   0.16010  -0.02129   0.00000   0.00000   0.00000   0.00000   0.00000  -0.01459   0.19151
  -0.03740  -0.00218  -0.00529   0.00844   0.59820   1.00873   1.01463   0.14247  -0.02069   0.00000   0.00000  -0.02128   0.14693   1.04029   0.99834

 Columns 226 through 240:

   1.01648   0.88049   0.39212  -0.01741  -0.00012   0.00006  -0.00224  -0.02761   0.36865   0.93641   0.45901  -0.04247   0.00117   0.00002   0.00000
   0.98618   1.00379   1.02784   0.88167   0.17565  -0.02025   0.00014  -0.02605   0.14161   0.80720   0.74065   0.09939  -0.01736   0.00023   0.00000
   0.98879   1.01448   0.26960  -0.07349  -0.04042  -0.03582   0.07797   0.41218   0.93058   1.04237   0.93389   0.22053  -0.04778   0.00090   0.00000
   1.00493   1.01041   0.77163   0.14070  -0.03382  -0.01437  -0.03583   0.29038   0.84631   1.04472   0.70846   0.03170  -0.00882   0.00010   0.00000
   0.99090   1.01856   0.79239   0.04964  -0.01324  -0.00604   0.00055  -0.00080  -0.02999   0.18793   0.93088   1.03770   0.42127  -0.02110   0.00000
   1.03246   0.85467   0.08635  -0.01973   0.00037   0.00000   0.00000   0.00000   0.00012  -0.03668   0.24743   1.03303   0.86860  -0.02071   0.00000
   0.98845   0.98392   0.98930   1.00126   0.79383   0.11807  -0.00959  -0.00862  -0.03255   0.66894   1.02165   0.43513   0.01861  -0.00321   0.00000
   0.46724   0.16671  -0.00286  -0.00141   0.00000   0.00000   0.00000   0.00000   0.00003  -0.03785   0.29341   0.86765   0.07927  -0.01392   0.00000
   0.97902   1.00174   0.74241   0.07122  -0.03394  -0.02008  -0.02042  -0.02054  -0.05288   0.49493   0.99957   1.00533   0.35918  -0.02053   0.00000
   1.00628   1.00462   0.87416   0.20333  -0.03990  -0.00394  -0.00302  -0.01189  -0.00327   0.57628   1.06530   0.53838  -0.01996  -0.00425   0.00000
   1.00740   0.95879   0.32965  -0.00546  -0.02376  -0.02082  -0.02222  -0.03326   0.23484   0.86933   1.04822   0.58253   0.06354  -0.00610   0.00000
   0.84788   0.11743  -0.03849   0.00074   0.00000   0.00000   0.00000   0.00012  -0.00252  -0.02382   0.48603   1.03823   0.14687  -0.02099   0.00000
   1.02693   0.49616  -0.01663  -0.02276  -0.02030  -0.01229  -0.00938  -0.03788   0.23451   0.91236   1.01541   0.45884  -0.00840  -0.00365   0.00000
   0.68871   0.05721  -0.01056   0.00006   0.00000   0.00000   0.00000   0.00000  -0.01358   0.17824   0.97547   0.38791  -0.03600  -0.00075   0.00000
   1.02724   0.96382   0.36542  -0.02385   0.00043   0.00000   0.00031  -0.01450   0.05892   0.68744   1.02071   0.39762  -0.03559  -0.00090   0.00000
   0.02180   0.01946   0.00815  -0.00548  -0.00279  -0.00005   0.00002   0.00053  -0.01035   0.02938   0.82427   0.66014   0.01955  -0.00752   0.00000
   1.00999   1.00510   0.84297   0.22820  -0.00989  -0.00088  -0.01260   0.11782   0.51232   0.98237   0.57150   0.04476  -0.01018   0.00017   0.00000
   0.75932   0.02795  -0.00752   0.00000   0.00000   0.00000   0.00000  -0.00089  -0.01430   0.34558   1.00929   0.69646   0.03785  -0.00942   0.00000
   1.02143   0.42968  -0.05025   0.00005   0.00000   0.00000   0.00038  -0.02339   0.11106   0.81724   0.64142   0.00159  -0.00403   0.00000   0.00000
   1.00482   0.86038   0.08142  -0.03908  -0.02736  -0.01997  -0.02021  -0.03206   0.23829   0.90073   1.04441   0.74250   0.05034  -0.01087   0.00000

 Columns 241 through 255:

   0.00000  -0.01935   0.13000   0.97982   0.94186   0.77515   0.87363   0.21278  -0.01724   0.00000   0.00110  -0.02618   0.12287   0.83081   0.72650
   0.00000  -0.00669   0.02278   0.51874   0.94350   0.95058   0.90683   0.82616   0.25930  -0.00815  -0.00208  -0.01696  -0.01987   0.56282   0.96672
   0.00000   0.00000  -0.05074   0.43579   1.04613   1.00932   0.69999   0.05149   0.01887   0.36468   0.74686   0.81496   0.99007   1.03175   0.69258
   0.00000  -0.01799   0.11537   0.95552   1.02738   0.98395   1.00796   0.46437   0.11700   0.14081   0.13108   0.23436   0.61445   1.03911   0.84951
   0.00000   0.00000  -0.04969   0.42549   1.04648   0.99141   0.85905   0.41979  -0.01621   0.01567   0.01121  -0.03504  -0.03793   0.21521   0.81657
   0.00000   0.00000   0.00062  -0.04351   0.60754   1.01941   0.99621   0.40872  -0.00824  -0.00104   0.00000   0.00000   0.00000   0.00052  -0.04471
   0.00000   0.00000  -0.04785   0.40735   1.04676   0.98843   0.98367   1.01227   0.81086   0.15014  -0.03469  -0.02397   0.06672   0.57434   0.99745
   0.00000  -0.00119  -0.00842   0.17347   0.86144   0.96188   0.35409   0.00419  -0.00378   0.00000   0.00000   0.00000   0.00000  -0.00003  -0.03710
   0.00000   0.00000  -0.03867   0.32108   0.97854   1.00275   1.00945   0.71671   0.72994   0.44920   0.59709   0.59245   0.43949   0.84883   0.94066
   0.00000   0.00000  -0.05049   0.43301   1.05036   0.99142   0.99973   0.93566   0.52307   0.16152  -0.02060  -0.02456   0.00512   0.50272   0.99950
   0.00000   0.00000  -0.04970   0.42609   1.05131   0.86755   0.39383   0.01837   0.07885   0.25690   0.29571   0.28057   0.56808   0.92536   0.97007
   0.00000  -0.00004  -0.00997   0.06477   0.60833   1.02111   0.47177  -0.00896  -0.01417   0.00012   0.00008   0.00018  -0.00291  -0.03083   0.22129
   0.00000  -0.01948   0.13037   0.98722   1.01566   0.93596   0.80977   0.81297   0.48727   0.37425   0.06922   0.01306   0.31490   0.87866   1.00661
   0.00000   0.00000   0.00000  -0.03140   0.51861   0.86482   0.15092  -0.02228   0.00015   0.00000   0.00000   0.00000   0.00000  -0.00937   0.10260
   0.00000   0.00000  -0.00010  -0.01533   0.22599   0.92988   0.89149   0.09227  -0.01622   0.00000   0.00006  -0.00405  -0.02327   0.40804   0.97113
   0.00000  -0.01921   0.13291   0.97013   0.35804  -0.04959  -0.01923  -0.00290   0.00040   0.00021  -0.00147  -0.00569  -0.01940  -0.02658   0.42414
   0.00000  -0.01970   0.13378   0.98063   0.99786   0.99317   1.00058   0.98287   0.35946  -0.01693  -0.02032  -0.00182   0.61713   1.00812   0.91089
   0.00000  -0.02130   0.14876   1.02552   1.00981   0.74827   0.01661  -0.00630   0.00000   0.00000   0.00000   0.00072  -0.01773   0.04256   0.74875
   0.00000   0.00000   0.00000  -0.01458   0.19543   0.98601   0.37882  -0.04423   0.00000   0.00000   0.00039  -0.01102   0.00443   0.60178   0.97844
   0.00000  -0.00796   0.03886   0.51341   0.94221   1.03976   0.86555   0.61866   0.61147   0.63414   0.49837   0.12120   0.11773   0.80372   1.03019

 Columns 256 through 270:

   0.05244  -0.00619   0.00000   0.00000   0.00000   0.00000  -0.00937   0.03683   0.69908   1.00294   0.60570   0.32730  -0.03221  -0.04831  -0.04341
   0.26919  -0.02921   0.00107   0.00000   0.00000   0.00000  -0.02189   0.15270   1.05741   1.00747   0.69070   0.31575   0.28835   0.05173  -0.03855
   0.19128   0.01396  -0.00283   0.00000   0.00000   0.00000   0.00000  -0.03979   0.33159   0.98756   1.00848   0.85151   0.67728   0.68341   0.93038
   0.20498  -0.02478   0.00101   0.00000   0.00000   0.00000  -0.00392  -0.00780   0.49251   0.86219   0.99617   0.99979   0.80340   0.84576   0.83779
   0.99943   0.64227   0.05761  -0.00926   0.00000   0.00000   0.00000  -0.05016   0.42991   1.05100   0.99191   0.76727   0.56782   0.31401   0.59428
   0.25937   1.03283   0.83936  -0.02072   0.00000   0.00000   0.00000   0.00000  -0.02915   0.45548   1.01287   1.01252   0.90025   0.15215  -0.05072
   0.61508   0.02553  -0.01593   0.00044   0.00000   0.00000   0.00000  -0.01337   0.09157   0.64463   1.00369   0.99127   1.03341   0.65627   0.07300
   0.29919   0.87623   0.08218  -0.01423   0.00000   0.00000   0.00024  -0.00119  -0.03428   0.25274   0.91729   0.26601  -0.04179   0.00061   0.00000
   1.02597   1.01594   0.26101  -0.02043   0.00000   0.00000   0.00000  -0.00674   0.02522   0.67510   0.96380   0.91528   1.00765   1.00448   1.00900
   0.70462   0.09372  -0.01696   0.00025   0.00000   0.00000   0.00000  -0.03392   0.27583   0.95439   1.01122   1.00573   1.01286   1.01812   0.91385
   0.61625   0.09337  -0.03024   0.00074   0.00000   0.00000   0.00000  -0.04993   0.42856   1.06236   0.69481   0.34046   0.68327   0.78377   0.97875
   0.94678   0.87795   0.09641  -0.01572   0.00000   0.00000   0.00006   0.00045  -0.02508   0.17314   0.83568   0.97890   0.56290   0.03954  -0.02917
   0.68761   0.02313  -0.00662  -0.00000   0.00000   0.00000  -0.00476   0.02054   0.32527   0.66856   1.01759   1.01752   1.02614   1.02968   1.01110
   0.96058   0.35482  -0.04275   0.00009   0.00000   0.00000   0.00000   0.00000  -0.01986   0.30338   0.89371   0.24014  -0.03393  -0.00236   0.00008
   0.90466   0.19670  -0.02478  -0.00006   0.00000   0.00000   0.00000   0.00002  -0.00260  -0.01164   0.60087   1.01193   0.35674  -0.03047   0.00016
   0.97708   0.30210  -0.03236  -0.00033   0.00000   0.00000  -0.00717   0.01919   0.61729   0.89157   0.35711   0.05549  -0.02590  -0.02532  -0.02610
   0.06893  -0.01834   0.00108   0.00000   0.00000   0.00000  -0.01279   0.06887   0.79134   1.01402   0.99418   0.98392   0.46653   0.05246  -0.04215
   1.03209   0.46153  -0.02423  -0.00237   0.00000   0.00000  -0.01472   0.08606   0.85295   1.03299   0.87617   0.18625  -0.02427  -0.00057  -0.00183
   0.19011  -0.01974   0.00055   0.00000   0.00000   0.00000   0.00000   0.00000  -0.01462   0.20754   0.88617   0.23584  -0.02987   0.00018  -0.00122
   0.90756   0.29101  -0.01821  -0.00140   0.00000   0.00000   0.00043  -0.01554   0.06317   0.61835   0.84002   0.83503   1.01847   1.04921   1.02665

 Columns 271 through 285:

  -0.05752   0.09557   0.72651   0.69537   0.14711  -0.01200  -0.00030   0.00000   0.00000   0.00000   0.00000  -0.00068  -0.00651   0.11734   0.42195
  -0.03645   0.05554   0.50361   0.99968   0.49954  -0.02169  -0.00208   0.00006   0.00000   0.00000   0.00000  -0.00933   0.04379   0.62560   0.99868
   1.02467   1.03751   0.79502   0.58951   0.08736  -0.03432  -0.00341   0.00046   0.00000   0.00000   0.00000   0.00000  -0.00546   0.01983   0.53902
   0.83065   1.04769   0.89667   0.53359   0.14869  -0.01431  -0.00010   0.00000   0.00000   0.00000   0.00000  -0.00026  -0.00633   0.08257   0.13332
   0.55164   0.21924   0.29073   0.83408   1.05518   0.77847   0.05255  -0.01872   0.00043   0.00000   0.00000   0.00000  -0.04642   0.39385   1.03523
  -0.01565  -0.00234  -0.00371  -0.02734   0.05895   0.65709   1.03578   0.52718  -0.02078   0.00000   0.00000   0.00000   0.00000  -0.00857   0.09170
   0.08616   0.07250   0.48845   1.05959   0.69313   0.15593  -0.01940   0.00077   0.00000   0.00000   0.00000   0.00000   0.00126  -0.01867   0.05654
   0.00000   0.00000   0.00000  -0.00112  -0.02416   0.43118   0.78621   0.05451  -0.01127   0.00000   0.00000   0.00000   0.00000  -0.00233  -0.01622
   1.00537   1.00405   1.01750   1.03961   1.01412   0.77277   0.60988   0.10348  -0.01028   0.00000   0.00000   0.00000  -0.00078  -0.00308   0.17423
   0.54313   0.51320   0.61917   1.01130   0.71979   0.08238  -0.01805   0.00075   0.00002   0.00000   0.00000   0.00000  -0.00517   0.01698   0.54555
   1.04214   1.02930   1.00416   0.93513   0.41237  -0.02836  -0.01008   0.00096   0.00000   0.00000   0.00000   0.00000  -0.04879   0.41789   1.02381
  -0.01421  -0.01424  -0.02115   0.18324   0.83190   0.93751   0.31525  -0.00397  -0.00277   0.00000   0.00000   0.00000   0.00000   0.00024  -0.02935
   0.78879   0.67704   0.99232   0.86665   0.42703   0.06536  -0.01065   0.00003   0.00004   0.00000   0.00000   0.00046  -0.00206  -0.04084   0.07744
   0.00001   0.00000   0.00028  -0.02191   0.28157   0.96308   0.33048  -0.03919   0.00000   0.00000   0.00000   0.00000   0.00000  -0.00560   0.03912
  -0.00418  -0.03298   0.28378   0.93901   1.00724   0.50356  -0.00710  -0.00272   0.00002   0.00000   0.00000   0.00000   0.00000  -0.00081  -0.02438
  -0.01777   0.01191   0.08054   0.50743   0.94516   0.51382   0.00099  -0.00452   0.00010   0.00000   0.00000   0.00033  -0.01372   0.06548   0.47392
   0.09898   0.50441   0.99955   0.95442   0.30010  -0.02250  -0.00064   0.00000   0.00000   0.00000   0.00000  -0.00494  -0.00462   0.57260   1.05106
  -0.00276  -0.01586  -0.01308   0.52384   1.00026   0.87580   0.18631  -0.01689  -0.00061   0.00000   0.00000  -0.00098  -0.01367   0.20755   0.75481
  -0.01178  -0.01045   0.49316   0.98390   0.50150  -0.01582  -0.00175   0.00000   0.00000   0.00000   0.00000   0.00000   0.00000  -0.01427   0.18866
   1.00767   0.98182   0.76033   0.83800   0.64508   0.25720  -0.02001  -0.00104   0.00011   0.00000   0.00000   0.00000   0.00110  -0.01470   0.06147

 Columns 286 through 300:

   0.99321   0.88201   0.74576   0.72387   0.72334   0.72002   0.84532   0.83186   0.06888  -0.02778   0.00036   0.00007   0.00000   0.00000   0.00000
   0.94720   0.84452   0.86564   0.76013   0.57426   0.57623   0.75872   1.03109   0.68332   0.08162  -0.01064  -0.00016   0.00000   0.00000   0.00000
   0.99142   0.99681   1.01789   1.01155   0.99803   0.93546   0.60078   0.11558   0.00991  -0.00523   0.00035   0.00000   0.00000   0.00000   0.00000
   0.58513   0.97981   1.02565   1.03666   1.02925   1.00961   0.59916   0.36624   0.00247  -0.02030   0.00013   0.00008   0.00000   0.00000   0.00000
   1.01509   1.03452   1.03145   0.95626   1.02795   1.01877   0.93409   0.95113   1.02455   0.95245   0.31598  -0.03204   0.00109   0.00000   0.00000
   0.78578   1.02847   1.00780   0.66302   0.50556   0.21558  -0.01289   0.00776   0.25913   0.71969   1.02157   0.67862   0.09690  -0.01076   0.00000
   0.66689   1.02112   1.02513   0.93081   0.80380   0.81301   0.80273   0.99546   0.88968   0.13456  -0.04411   0.00114   0.00000   0.00000   0.00000
   0.68967   0.71574   0.02282  -0.02360   0.00130   0.00000   0.00000   0.00021  -0.00612   0.00831   0.83902   0.48782  -0.03495  -0.00160   0.00000
   0.31138   0.33679   0.92161   0.96199   0.99008   0.96925   0.98023   0.83838   0.39442   0.39167   0.09487   0.03958  -0.00557  -0.00028   0.00000
   0.95657   0.81139   0.79328   0.81322   0.95800   1.03161   1.03294   0.91445   0.64439   0.11093  -0.02093   0.00026   0.00000   0.00000   0.00000
   0.96863   0.97010   0.99332   0.99507   0.95396   0.66294   0.58591   0.27520   0.18027   0.01488  -0.00545   0.00010   0.00000   0.00000   0.00000
   0.20348   0.82562   1.03775   0.73764   0.43744   0.17010   0.15311   0.56943   0.89701   0.99855   0.41436  -0.00407  -0.00574   0.00028   0.00000
   0.51952   0.81634   0.79793   0.79774   0.79938   0.81888   0.83866   0.60819   0.18857  -0.03188  -0.01073   0.00030   0.00003   0.00000   0.00000
   0.75798   0.91867   0.24241  -0.02973  -0.02731  -0.01220  -0.00610  -0.01726  -0.02947   0.60502   0.91969   0.19586  -0.02532   0.00000   0.00000
   0.34021   1.01118   0.79383   0.11057  -0.04021   0.01188   0.30478   0.87000   1.02208   0.67007   0.03752  -0.00811   0.00030   0.00000   0.00000
   0.81502   0.76975   0.54266   0.38935   0.38067   0.53267   0.75984   0.82659   0.90099   0.40903   0.00559  -0.00647   0.00041   0.00000   0.00000
   1.00364   0.97812   0.54473   0.49692   0.52158   0.77613   0.99994   0.93615   0.39439   0.04402  -0.01038   0.00010   0.00000   0.00000   0.00000
   0.71718   0.11626  -0.03714  -0.01664  -0.01365  -0.00077   0.09359   0.53453   0.99898   1.02023   0.49810   0.00580  -0.00454   0.00006   0.00000
   0.99762   0.39401  -0.06652  -0.02633  -0.02180   0.07628   0.53730   1.00182   0.64106   0.03998  -0.01071   0.00004   0.00000   0.00000   0.00000
   0.13037   0.13837   0.42775   0.48557   0.83880   0.97221   0.97557   0.63164   0.13293   0.03791  -0.02747   0.00033   0.00009   0.00000   0.00000

 Columns 301 through 315:

   0.00000   0.00015   0.00032  -0.02292  -0.00414   0.38704   0.50458   0.77489   0.99004   1.00769   1.00851   0.73791   0.21546  -0.02696   0.00133
   0.00000   0.00038  -0.01986   0.10994   0.64897   0.77551   0.77691   0.77394   0.77075   0.76858   0.77199   0.78350   0.61072   0.06843  -0.01891
   0.00000   0.00000   0.00091  -0.01709   0.12440   0.32653   0.32638   0.32755   0.32542   0.33696   0.24119  -0.01373  -0.01546  -0.00730  -0.00043
   0.00000   0.00006   0.00068  -0.01313  -0.03050   0.05274   0.29235   0.56677   0.75896   0.88326   0.52687   0.02835  -0.00959  -0.00575   0.00054
   0.00000   0.00000  -0.00720   0.03728   0.54063   0.87807   0.86682   0.86771   0.87767   0.86782   0.87080   0.88986   0.83155   0.52747   0.28411
   0.00000   0.00000   0.00000  -0.00001  -0.01461   0.10653   0.55935   0.75017   0.93290   1.04983   0.89572   0.62440   0.70403   1.00323   0.99146
   0.00000   0.00000   0.00000   0.00051  -0.02238   0.08771   0.50538   0.72229   0.95575   1.04094   0.98888   1.06798   0.85066   0.23444  -0.00983
   0.00000   0.00000   0.00000  -0.00001  -0.01552   0.08573   0.79655   0.63573   0.05546  -0.04260  -0.01671  -0.01693  -0.03126  -0.05522   0.33188
   0.00000   0.00000   0.00015  -0.00059  -0.01398  -0.02091  -0.01762   0.22966   0.14435   0.42227   0.27818   0.28312   0.41642  -0.03234  -0.02167
   0.00000   0.00000   0.00049  -0.00764   0.03695   0.25077   0.04247   0.01439   0.04594   0.26479   0.33076   0.32872   0.12145  -0.00122  -0.01249
   0.00000   0.00000  -0.01011   0.08669   0.21089   0.20233   0.20547   0.20025   0.20092   0.18738   0.01223  -0.00167  -0.02936  -0.02768  -0.00532
   0.00000   0.00000   0.00000   0.00010  -0.00121  -0.02272   0.10201   0.64196   0.97872   1.01985   1.01552   1.01307   1.01817   0.80252   0.29702
   0.00000   0.00000   0.00000   0.00056  -0.01028  -0.00925   0.02356   0.02174   0.02174   0.02174   0.02174   0.02273  -0.00189  -0.01986  -0.00153
   0.00000   0.00000   0.00000   0.00010  -0.02552   0.16822   0.83596   0.93783   0.44630   0.17227   0.05416   0.00403   0.04477   0.38227   0.97719
   0.00000   0.00000   0.00000   0.00002  -0.01657   0.09010   0.78722   1.03821   0.77536   0.31139   0.58134   0.98573   1.03358   0.69553   0.10695
   0.00000   0.00003   0.00118  -0.01494  -0.02012   0.05064   0.39582   0.66290   0.76393   0.89874   0.86352   0.72557   0.52015   0.13434  -0.01661
   0.00000  -0.00311  -0.00769   0.39469   0.86997   0.95965   1.03564   1.04345   1.04624   1.04390   0.94529   0.90718   0.36209  -0.02728  -0.00222
   0.00000   0.00023  -0.00332  -0.00187   0.11145   0.13036   0.10309   0.10219   0.21940   0.47363   0.53538   0.83054   1.01643   0.96967   0.75934
   0.00000   0.00000   0.00000  -0.00420   0.01597   0.72480   0.80493   0.21006   0.14094   0.44068   0.90758   0.93249   0.44364  -0.00760  -0.00950
   0.00000   0.00000   0.00000   0.00073  -0.01183  -0.02090  -0.02029  -0.01598  -0.01393   0.04246   0.06315   0.06233   0.01347  -0.02260  -0.00983

 Columns 316 through 330:

   0.00000   0.00000   0.00000   0.00000   0.00000   0.00000   0.00000   0.00000   0.00024  -0.00226  -0.02520  -0.03739   0.06621   0.29113   0.32306
   0.00032   0.00004   0.00000   0.00000   0.00000   0.00000   0.00003   0.00040  -0.00811   0.00567   0.01525   0.01397   0.01404   0.01474   0.01567
   0.00011   0.00000   0.00000   0.00000   0.00000   0.00000   0.00000   0.00000   0.00061  -0.00950  -0.02204  -0.02199  -0.02208  -0.02194  -0.02259
   0.00000   0.00000   0.00000   0.00000   0.00000   0.00000   0.00000   0.00000   0.00001   0.00049  -0.00580  -0.02153   0.00175   0.01357   0.18406
  -0.01255  -0.00078   0.00000   0.00000   0.00000   0.00000   0.00000   0.00059  -0.00901   0.04538   0.16928   0.17145   0.17078   0.17078   0.17071
   0.55954  -0.00453  -0.01234   0.00013   0.00000   0.00000   0.00000   0.00000   0.00005   0.00017  -0.01057  -0.02499  -0.01695   0.29889   0.77373
  -0.00127   0.00000   0.00000   0.00000   0.00000   0.00000   0.00000   0.00000   0.00002   0.00058  -0.00796  -0.03758   0.03659   0.35868   0.56744
   0.88037   0.16530  -0.02510   0.00026   0.00000   0.00000   0.00000   0.00000   0.00002   0.00080  -0.03044   0.19194   0.87253   0.79942   0.33816
  -0.01545  -0.00973  -0.00040   0.00012   0.00000   0.00000   0.00000   0.00000   0.00003  -0.00042  -0.00082  -0.00100  -0.01654  -0.01196  -0.02726
  -0.00005   0.00005   0.00000   0.00000   0.00000   0.00000   0.00000   0.00001   0.00018  -0.00469  -0.01781  -0.00595  -0.00436  -0.00615  -0.01853
   0.00061   0.00001   0.00000   0.00000   0.00000   0.00000   0.00000   0.00076  -0.00651  -0.01587  -0.01502  -0.01502  -0.01502  -0.01511  -0.01430
   0.01433  -0.00818   0.00059   0.00000   0.00000   0.00000   0.00000   0.00000   0.00000   0.00010  -0.00013  -0.01606   0.04513   0.28541   0.45545
   0.00033   0.00000   0.00000   0.00000   0.00000   0.00000   0.00000   0.00000   0.00002  -0.00015  -0.00225  -0.00494  -0.00478  -0.00478  -0.00478
   0.63609   0.00796  -0.00474   0.00000   0.00000   0.00000   0.00000   0.00000   0.00003  -0.00112  -0.00964   0.14182   0.65137   0.95418   0.92785
  -0.02358   0.00036   0.00000   0.00000   0.00000   0.00000   0.00000   0.00000   0.00000  -0.00296  -0.01305   0.45269   1.00281   1.03228   1.00803
  -0.00876   0.00045   0.00000   0.00000   0.00000   0.00000   0.00000   0.00000   0.00012  -0.00148  -0.00599  -0.02521  -0.03735   0.06029   0.21558
   0.00030   0.00000   0.00000   0.00000   0.00000   0.00000   0.00019  -0.00619   0.02659   0.16588   0.38335   0.58745   0.57666   0.57843   0.57261
   0.17210  -0.01874   0.00061   0.00000   0.00000   0.00000   0.00000  -0.01375   0.09425   0.67604   0.83237   0.82030   0.81067   0.87523   1.02024
   0.00046   0.00002   0.00000   0.00000   0.00000   0.00000   0.00000   0.00000  -0.00050  -0.02587   0.28731   0.98268   0.92507   0.89581   0.93155
   0.00030   0.00004   0.00000   0.00000   0.00000   0.00000   0.00000   0.00000   0.00000   0.00000   0.00001  -0.00005  -0.00155  -0.00191  -0.00604

 Columns 331 through 345:

   0.30626   0.08761  -0.02506   0.00024   0.00000   0.00000   0.00000   0.00000   0.00000   0.00000   0.00000   0.00000   0.00000   0.00000   0.00000
   0.01548   0.01530   0.00251  -0.00821   0.00034   0.00004   0.00000   0.00000   0.00000   0.00000   0.00000   0.00000   0.00004  -0.00010  -0.00463
  -0.01719  -0.00226  -0.00014   0.00004   0.00000   0.00000   0.00000   0.00000   0.00000   0.00000   0.00000   0.00000   0.00000   0.00000   0.00000
   0.02137  -0.00832  -0.00145   0.00003   0.00000   0.00000   0.00000   0.00000   0.00000   0.00000   0.00000   0.00000   0.00000   0.00000   0.00000
   0.17133   0.17546   0.14468  -0.02746  -0.02053  -0.00109   0.00016   0.00000   0.00000   0.00000   0.00000   0.00000   0.00000   0.00054  -0.00810
   0.92671   0.93628   0.93324   0.89172   0.43171  -0.01995  -0.00539  -0.00017   0.00005   0.00000   0.00000   0.00000   0.00000   0.00000   0.00000
   0.41048   0.61098   0.24571  -0.03021  -0.00031   0.00019   0.00000   0.00000   0.00000   0.00000   0.00000   0.00000   0.00000   0.00000   0.00000
   0.19051   0.19305   0.33229   0.57521   0.85712   0.35757  -0.00991  -0.00133   0.00000   0.00000   0.00000   0.00000   0.00000   0.00000   0.00000
  -0.01931  -0.01961  -0.02648  -0.00061  -0.00115  -0.00005   0.00001   0.00000   0.00000   0.00000   0.00000   0.00000   0.00000   0.00000   0.00000
  -0.02226  -0.02214  -0.01048  -0.00305  -0.00022   0.00005   0.00000   0.00000   0.00000   0.00000   0.00000   0.00000   0.00000   0.00000   0.00000
  -0.00386  -0.00284  -0.00031   0.00005   0.00000   0.00000   0.00000   0.00000   0.00000   0.00000   0.00000   0.00000   0.00000   0.00000   0.00000
   0.51753   0.51580   0.39631   0.13585  -0.02392  -0.00439   0.00027   0.00000   0.00000   0.00000   0.00000   0.00000   0.00000   0.00000   0.00000
  -0.00478  -0.00487  -0.00293  -0.00029   0.00003   0.00000   0.00000   0.00000   0.00000   0.00000   0.00000   0.00000   0.00000   0.00000   0.00000
   0.74268   0.64549   0.75067   0.98323   0.71406   0.08323  -0.01161   0.00038   0.00000   0.00000   0.00000   0.00000   0.00000   0.00000   0.00022
   1.03805   0.94693   0.56613   0.08027  -0.01429   0.00011   0.00002   0.00000   0.00000   0.00000   0.00000   0.00000   0.00000   0.00000   0.00022
   0.15345  -0.01291  -0.03544  -0.01103  -0.00140   0.00016   0.00000   0.00000   0.00000   0.00000   0.00000   0.00000   0.00000   0.00000   0.00000
   0.30680   0.19316   0.07068  -0.00591  -0.00022   0.00004   0.00000   0.00000   0.00000   0.00000   0.00000   0.00000   0.00067  -0.00529  -0.02313
   1.03793   1.01931   0.97933   0.46465   0.10435  -0.00870  -0.00014   0.00000   0.00000   0.00000   0.00000   0.00000  -0.00475   0.01793   0.45607
   0.67601   0.22204  -0.01399  -0.00646   0.00004   0.00003   0.00000   0.00000   0.00000   0.00000   0.00000   0.00000   0.00000   0.00008  -0.00587
  -0.00756  -0.00753  -0.00370   0.00008   0.00001   0.00000   0.00000   0.00000   0.00000   0.00000   0.00000   0.00000   0.00000   0.00000   0.00000

 Columns 346 through 360:

   0.00000   0.00067  -0.01132  -0.03546  -0.03882  -0.03711  -0.01335   0.00099   0.00005   0.00000   0.00000   0.00000   0.00000   0.00000   0.00000
  -0.00626  -0.00607  -0.00607  -0.00607  -0.00607  -0.00607  -0.00619  -0.00408   0.00013   0.00000   0.00000   0.00000   0.00000   0.00000   0.00000
   0.00000   0.00000   0.00000   0.00000   0.00000   0.00000   0.00000   0.00000   0.00000   0.00000   0.00000   0.00000   0.00000   0.00000   0.00000
   0.00000   0.00014  -0.00377  -0.00606  -0.02415  -0.00555   0.00038   0.00000   0.00000   0.00000   0.00000   0.00000   0.00000   0.00000   0.00000
  -0.02261  -0.02277  -0.02270  -0.02270  -0.02269  -0.02276  -0.02323  -0.01977  -0.00057   0.00009   0.00000   0.00000   0.00000   0.00000   0.00000
   0.00012  -0.00101  -0.00566  -0.01747   0.05885   0.11057   0.10854   0.10985   0.09802   0.00494  -0.00632   0.00014   0.00001   0.00000   0.00000
   0.00000   0.00058  -0.01124  -0.01652   0.00306  -0.01093   0.00587  -0.01305  -0.00010   0.00000   0.00000   0.00000   0.00000   0.00000   0.00000
   0.00230  -0.03291   0.09133   0.47661   0.67178   0.77176   0.78028   0.81131   0.64812   0.21512  -0.02622  -0.00263   0.00028   0.00000   0.00000
   0.00000   0.00000   0.00000   0.00000   0.00000   0.00000   0.00000   0.00000   0.00000   0.00000   0.00000   0.00000   0.00000   0.00000   0.00000
   0.00000   0.00000   0.00000   0.00000   0.00000   0.00000   0.00000   0.00000   0.00000   0.00000   0.00000   0.00000   0.00000   0.00000   0.00000
   0.00000   0.00000   0.00000   0.00000   0.00000   0.00000   0.00000   0.00000   0.00000   0.00000   0.00000   0.00000   0.00000   0.00000   0.00000
   0.00000   0.00069  -0.00891  -0.03356  -0.02524  -0.02265  -0.02281  -0.02926  -0.01940   0.00036   0.00014   0.00000   0.00000   0.00000   0.00000
   0.00000   0.00000   0.00000   0.00000   0.00000   0.00000   0.00000   0.00000   0.00000   0.00000   0.00000   0.00000   0.00000   0.00000   0.00000
  -0.00056  -0.02163   0.02621   0.23030   0.53184   0.64572   0.83253   0.75810   0.45496   0.06544  -0.01975   0.00052   0.00000   0.00000   0.00000
  -0.00512   0.01740   0.43018   0.82708   0.85454   0.65941   0.26810  -0.00443  -0.01202   0.00013   0.00007   0.00000   0.00000   0.00000   0.00000
   0.00000   0.00011  -0.00006  -0.01054  -0.02714  -0.02065  -0.00298   0.00043   0.00000   0.00000   0.00000   0.00000   0.00000   0.00000   0.00000
  -0.01331   0.00058  -0.00022  -0.00012  -0.00049  -0.01804  -0.02648  -0.00965   0.00053   0.00000   0.00000   0.00000   0.00000   0.00000   0.00000
   0.86987   0.86974   0.86597   0.85765   0.85598   0.61420   0.23733   0.23035   0.01578  -0.02205  -0.00033   0.00010   0.00000   0.00000   0.00000
   0.00448   0.38332   0.85715   0.76780   0.25038   0.01978  -0.02876  -0.00209   0.00039   0.00000   0.00000   0.00000   0.00000   0.00000   0.00000
   0.00000   0.00000   0.00000   0.00000   0.00000   0.00000   0.00000   0.00000   0.00000   0.00000   0.00000   0.00000   0.00000   0.00000   0.00000

 Columns 361 through 375:

   0.00000   0.00000   0.00000   0.00000   0.00000   0.00000   0.00000   0.00000   0.00000   0.00000   0.00000   0.00000   0.00000   0.00000   0.00000
   0.00000   0.00000   0.00000   0.00000   0.00000   0.00000   0.00000   0.00000   0.00000   0.00000   0.00000   0.00000   0.00000   0.00000   0.00000
   0.00000   0.00000   0.00000   0.00000   0.00000   0.00000   0.00000   0.00000   0.00000   0.00000   0.00000   0.00000   0.00000   0.00000   0.00000
   0.00000   0.00000   0.00000   0.00000   0.00000   0.00000   0.00000   0.00000   0.00000   0.00000   0.00000   0.00000   0.00000   0.00000   0.00000
   0.00000   0.00000   0.00000   0.00000   0.00000   0.00000   0.00000   0.00000   0.00000   0.00000   0.00000   0.00000   0.00000   0.00000   0.00000
   0.00000   0.00000   0.00000   0.00000   0.00000   0.00000   0.00000   0.00023  -0.00152  -0.01181  -0.01727  -0.01705  -0.01717  -0.01599  -0.00450
   0.00000   0.00000   0.00000   0.00000   0.00000   0.00000   0.00000   0.00025  -0.00212  -0.00551  -0.00302  -0.00612  -0.00141   0.00012   0.00000
   0.00000   0.00000   0.00000   0.00000   0.00000   0.00000   0.00043  -0.01452  -0.02179  -0.01244  -0.00668  -0.00677  -0.01175  -0.01992  -0.01870
   0.00000   0.00000   0.00000   0.00000   0.00000   0.00000   0.00000   0.00000   0.00000   0.00000   0.00000   0.00000   0.00000   0.00000   0.00000
   0.00000   0.00000   0.00000   0.00000   0.00000   0.00000   0.00000   0.00000   0.00000   0.00000   0.00000   0.00000   0.00000   0.00000   0.00000
   0.00000   0.00000   0.00000   0.00000   0.00000   0.00000   0.00000   0.00000   0.00000   0.00000   0.00000   0.00000   0.00000   0.00000   0.00000
   0.00000   0.00000   0.00000   0.00000   0.00000   0.00000   0.00000   0.00002  -0.00011  -0.00222  -0.00295  -0.00292  -0.00140   0.00006   0.00000
   0.00000   0.00000   0.00000   0.00000   0.00000   0.00000   0.00000   0.00000   0.00000   0.00000   0.00000   0.00000   0.00000   0.00000   0.00000
   0.00000   0.00000   0.00000   0.00000   0.00000   0.00002   0.00009  -0.00809  -0.01833  -0.02092  -0.02073  -0.01996  -0.02051  -0.02099  -0.01026
   0.00000   0.00000   0.00000   0.00000   0.00002   0.00044  -0.00631  -0.01975  -0.02079  -0.02059  -0.02088  -0.01803  -0.00612  -0.00006   0.00003
   0.00000   0.00000   0.00000   0.00000   0.00000   0.00000   0.00000   0.00000   0.00000   0.00000   0.00000   0.00000   0.00000   0.00000   0.00000
   0.00000   0.00000   0.00000   0.00001   0.00007  -0.00260  -0.00548  -0.00531  -0.00533  -0.00525  -0.00155   0.00011   0.00000   0.00000   0.00000
   0.00000   0.00000   0.00035  -0.00238  -0.01702  -0.02092  -0.02052  -0.02046  -0.02042  -0.02044  -0.02054  -0.02066  -0.01923  -0.00491   0.00047
   0.00000   0.00000   0.00000   0.00000   0.00057  -0.00398  -0.01904  -0.02087  -0.02078  -0.01807  -0.00878   0.00004   0.00005   0.00000   0.00000
   0.00000   0.00000   0.00000   0.00000   0.00000   0.00000   0.00000   0.00000   0.00000   0.00000   0.00000   0.00000   0.00000   0.00000   0.00000

 Columns 376 through 390:

   0.00000   0.00000   0.00000   0.00000   0.00000   0.00000   0.00000   0.00000   0.00000   0.00000   0.00000   0.00000   0.00000   0.00000   0.00000
   0.00000   0.00000   0.00000   0.00000   0.00000   0.00000   0.00000   0.00000   0.00000   0.00000   0.00000   0.00000   0.00000   0.00000   0.00000
   0.00000   0.00000   0.00000   0.00000   0.00000   0.00000   0.00000   0.00000   0.00000   0.00000   0.00000   0.00000   0.00000   0.00000   0.00000
   0.00000   0.00000   0.00000   0.00000   0.00000   0.00000   0.00000   0.00000   0.00000   0.00000   0.00000   0.00000   0.00000   0.00000   0.00000
   0.00000   0.00000   0.00000   0.00000   0.00000   0.00000   0.00000   0.00000   0.00000   0.00000   0.00000   0.00000   0.00000   0.00000   0.00000
   0.00040   0.00001   0.00000   0.00000   0.00000   0.00000   0.00000   0.00000   0.00000   0.00000   0.00000   0.00000   0.00000   0.00000   0.00000
   0.00000   0.00000   0.00000   0.00000   0.00000   0.00000   0.00000   0.00000   0.00000   0.00000   0.00000   0.00000   0.00000   0.00000   0.00000
  -0.00226   0.00020   0.00000   0.00000   0.00000   0.00000   0.00000   0.00000   0.00000   0.00000   0.00000   0.00000   0.00000   0.00000   0.00000
   0.00000   0.00000   0.00000   0.00000   0.00000   0.00000   0.00000   0.00000   0.00000   0.00000   0.00000   0.00000   0.00000   0.00000   0.00000
   0.00000   0.00000   0.00000   0.00000   0.00000   0.00000   0.00000   0.00000   0.00000   0.00000   0.00000   0.00000   0.00000   0.00000   0.00000
   0.00000   0.00000   0.00000   0.00000   0.00000   0.00000   0.00000   0.00000   0.00000   0.00000   0.00000   0.00000   0.00000   0.00000   0.00000
   0.00000   0.00000   0.00000   0.00000   0.00000   0.00000   0.00000   0.00000   0.00000   0.00000   0.00000   0.00000   0.00000   0.00000   0.00000
   0.00000   0.00000   0.00000   0.00000   0.00000   0.00000   0.00000   0.00000   0.00000   0.00000   0.00000   0.00000   0.00000   0.00000   0.00000
   0.00021   0.00004   0.00000   0.00000   0.00000   0.00000   0.00000   0.00000   0.00000   0.00000   0.00000   0.00000   0.00000   0.00000   0.00000
   0.00000   0.00000   0.00000   0.00000   0.00000   0.00000   0.00000   0.00000   0.00000   0.00000   0.00000   0.00000   0.00000   0.00000   0.00000
   0.00000   0.00000   0.00000   0.00000   0.00000   0.00000   0.00000   0.00000   0.00000   0.00000   0.00000   0.00000   0.00000   0.00000   0.00000
   0.00000   0.00000   0.00000   0.00000   0.00000   0.00000   0.00000   0.00000   0.00000   0.00000   0.00000   0.00000   0.00000   0.00000   0.00000
   0.00000   0.00000   0.00000   0.00000   0.00000   0.00000   0.00000   0.00000   0.00000   0.00000   0.00000   0.00000   0.00000   0.00000   0.00000
   0.00000   0.00000   0.00000   0.00000   0.00000   0.00000   0.00000   0.00000   0.00000   0.00000   0.00000   0.00000   0.00000   0.00000   0.00000
   0.00000   0.00000   0.00000   0.00000   0.00000   0.00000   0.00000   0.00000   0.00000   0.00000   0.00000   0.00000   0.00000   0.00000   0.00000

 Columns 391 through 400:

   0.00000   0.00000   0.00000   0.00000   0.00000   0.00000   0.00000   0.00000   0.00000   0.00000
   0.00000   0.00000   0.00000   0.00000   0.00000   0.00000   0.00000   0.00000   0.00000   0.00000
   0.00000   0.00000   0.00000   0.00000   0.00000   0.00000   0.00000   0.00000   0.00000   0.00000
   0.00000   0.00000   0.00000   0.00000   0.00000   0.00000   0.00000   0.00000   0.00000   0.00000
   0.00000   0.00000   0.00000   0.00000   0.00000   0.00000   0.00000   0.00000   0.00000   0.00000
   0.00000   0.00000   0.00000   0.00000   0.00000   0.00000   0.00000   0.00000   0.00000   0.00000
   0.00000   0.00000   0.00000   0.00000   0.00000   0.00000   0.00000   0.00000   0.00000   0.00000
   0.00000   0.00000   0.00000   0.00000   0.00000   0.00000   0.00000   0.00000   0.00000   0.00000
   0.00000   0.00000   0.00000   0.00000   0.00000   0.00000   0.00000   0.00000   0.00000   0.00000
   0.00000   0.00000   0.00000   0.00000   0.00000   0.00000   0.00000   0.00000   0.00000   0.00000
   0.00000   0.00000   0.00000   0.00000   0.00000   0.00000   0.00000   0.00000   0.00000   0.00000
   0.00000   0.00000   0.00000   0.00000   0.00000   0.00000   0.00000   0.00000   0.00000   0.00000
   0.00000   0.00000   0.00000   0.00000   0.00000   0.00000   0.00000   0.00000   0.00000   0.00000
   0.00000   0.00000   0.00000   0.00000   0.00000   0.00000   0.00000   0.00000   0.00000   0.00000
   0.00000   0.00000   0.00000   0.00000   0.00000   0.00000   0.00000   0.00000   0.00000   0.00000
   0.00000   0.00000   0.00000   0.00000   0.00000   0.00000   0.00000   0.00000   0.00000   0.00000
   0.00000   0.00000   0.00000   0.00000   0.00000   0.00000   0.00000   0.00000   0.00000   0.00000
   0.00000   0.00000   0.00000   0.00000   0.00000   0.00000   0.00000   0.00000   0.00000   0.00000
   0.00000   0.00000   0.00000   0.00000   0.00000   0.00000   0.00000   0.00000   0.00000   0.00000
   0.00000   0.00000   0.00000   0.00000   0.00000   0.00000   0.00000   0.00000   0.00000   0.00000

